410
417
415
418
416
414
412
407
406
406
429
407
404
405
407
414
406
415
420
410
412
410
412
406
411
411
419
410
406
409
408
413
413
541
412
405
414
418
416
408
402
412
410
417
412
404
417
410
417
414
421
406
414
411
414
414
446
422
407
408
408
411
413
414
411
407
402
414
420
410
408
408
409
410
409
409
422
417
418
421
408
420
411
416
406
416
412
416
410
414
407
410
408
409
415
414
418
483
414
413
412
410
413
412
409
409
408
399
402
409
413
411
498
393
398
397
399
401
394
391
392
404
398
402
405
394
396
397
390
401
407
389
396
394
392
402
390
397
394
393
386
397
389
400
389
394
388
407
391
398
393
390
404
399
395
401
394
401
405
387
401
396
391
387
458
802
409
409
418
408
417
406
407
418
412
410
495
391
401
390
404
390
397
395
415
395
394
394
384
404
391
398
387
389
397
393
400
402
397
402
395
391
398
393
1055
408
426
411
406
417
410
411
404
429
408
403
410
404
405
399
404
406
406
397
401
405
404
83046
442
442
429
441
435
428
420
435
424
425
418
431
430
405
406
410
411
415
409
406
416
416
410
426
399
503
383
388
391
396
403
388
387
390
393
397
396
386
390
395
765
408
403
407
404
420
414
406
417
414
412
409
415
411
411
421
413
417
484
482
431
419
410
413
418
411
433
419
407
410
418
420
417
451
408
415
408
419
409
414
411
423
403
409
400
402
408
403
409
422
412
417
411
415
411
421
517
410
404
408
408
475
482
389
1059
406
421
410
414
420
501
1070
410
415
410
409
408
417
412
507
423
418
426
413
422
435
417
412
411
413
429
403
409
405
406
405
399
406
410
408
408
400
406
408
404
408
403
405
403
403
402
401
400
409
403
402
401
405
416
403
406
410
405
409
406
401
401
409
407
403
400
402
403
402
404
405
404
416
401
412
402
401
404
404
466
412
397
419
425
427
419
406
410
414
411
411
412
421
418
417
510
413
415
415
421
419
422
518
397
399
394
398
402
394
1047
411
414
409
414
404
413
411
401
408
412
412
415
412
414
408
404
411
415
418
407
412
408
408
415
408
419
414
410
412
413
417
409
84036
411
409
403
407
408
411
415
410
412
522
390
397
384
396
393
395
392
390
382
397
1052
395
402
409
406
403
408
406
405
398
410
409
411
403
403
410
405
406
406
410
407
410
405
400
404
401
408
415
403
422
412
407
408
412
412
406
507
407
408
403
404
414
402
404
412
400
409
401
403
407
414
405
397
403
405
404
403
409
401
396
405
410
392
409
409
410
401
402
403
408
414
410
398
403
401
408
401
406
411
404
403
405
403
399
413
403
403
404
402
408
403
405
402
402
414
398
404
408
403
408
404
459
413
410
410
413
410
409
411
408
411
423
397
403
411
415
410
401
405
406
405
408
405
410
408
409
401
409
404
411
407
404
404
404
401
401
403
402
405
398
404
407
406
410
407
402
403
411
402
403
408
397
408
411
408
403
407
403
403
399
410
406
406
408
401
405
410
445
420
407
415
403
405
410
406
407
398
402
410
421
413
408
412
416
409
425
403
408
410
408
402
400
407
405
413
397
401
402
400
405
405
405
399
405
399
409
404
402
400
399
398
402
404
407
413
413
406
402
403
403
400
406
416
411
410
416
405
406
433
402
400
406
405
82989
420
413
410
420
415
409
420
413
411
434
499
395
397
398
393
1049
411
412
407
409
408
421
410
416
410
501
391
398
421
386
383
393
394
378
389
391
389
392
379
385
399
394
400
395
396
1065
400
397
403
407
407
399
411
400
400
401
455
411
420
412
414
412
416
405
417
418
409
413
432
414
421
416
409
405
412
409
408
431
407
407
400
400
410
405
407
406
404
403
402
408
501
395
401
386
399
386
396
393
401
390
393
393
388
388
394
391
393
391
406
393
397
388
394
395
387
393
392
378
391
387
393
399
1106
418
407
414
415
414
417
413
410
411
417
417
406
413
423
405
405
407
406
401
406
405
400
405
406
411
404
400
404
410
400
405
408
409
399
406
406
403
405
403
495
387
398
391
393
390
393
383
396
390
389
398
390
389
391
394
395
387
388
390
394
393
399
389
392
436
403
1094
414
413
417
407
410
415
427
407
410
403
409
404
413
407
402
408
401
400
399
409
406
403
400
410
401
401
411
409
409
414
402
432
424
423
411
405
407
448
423
437
500
444
437
445
435
455
424
428
426
417
416
423
406
400
409
411
399
411
411
404
189608
439
436
419
528
418
418
421
417
416
448
1109
438
406
407
399
401
403
406
403
411
408
403
510
401
401
398
390
411
412
384
395
386
400
398
1065
403
400
413
410
405
400
406
415
406
403
405
408
406
405
408
401
400
399
407
405
407
399
405
463
407
405
407
406
410
402
403
408
410
397
403
406
411
408
396
409
403
401
404
402
411
410
409
406
408
414
414
411
411
428
401
399
402
403
401
405
414
412
403
399
496
392
391
394
390
387
395
396
393
388
391
391
392
386
1063
410
406
406
404
402
399
396
408
459
407
403
404
406
415
410
404
401
407
401
405
402
402
403
392
404
411
401
412
404
409
406
404
408
407
406
403
406
404
404
397
404
404
401
403
402
413
403
410
410
405
408
404
399
407
416
399
391
418
413
408
407
404
402
410
412
396
404
413
407
403
403
407
412
409
451
406
413
400
399
403
405
399
414
407
411
407
396
412
411
408
405
401
405
410
401
403
403
409
402
400
411
407
400
400
414
398
415
403
408
402
403
406
403
410
407
403
401
407
406
401
408
402
400
401
403
406
413
403
402
408
404
399
406
407
402
400
400
400
410
400
84015
429
428
415
448
406
411
407
397
411
410
401
403
411
413
408
405
405
410
406
405
403
406
407
405
409
408
400
407
405
407
401
406
410
403
415
403
402
408
400
413
412
410
411
403
410
404
401
396
401
411
410
411
399
411
403
408
400
466
421
400
409
403
400
409
409
398
400
408
409
411
397
404
407
405
404
407
407
412
412
403
406
405
401
404
405
409
401
401
406
411
407
401
405
405
405
408
406
405
409
399
401
406
409
401
414
402
405
400
404
404
407
403
406
412
410
401
406
405
405
409
405
405
404
454
405
404
401
403
405
406
407
402
400
411
412
409
421
428
411
408
411
409
409
420
410
416
423
448
435
416
420
429
462
429
443
430
425
433
420
421
440
429
422
417
444
423
415
408
417
408
411
418
433
406
410
402
404
413
403
397
402
409
411
404
410
405
404
471
413
400
408
408
416
460
415
418
417
427
392
412
402
414
404
406
398
412
419
413
411
408
410
410
412
440
403
407
399
402
409
396
398
403
401
400
406
408
392
407
403
402
400
410
406
403
405
404
404
408
401
410
408
405
406
401
413
404
402
405
406
407
405
408
404
82408
420
429
423
431
439
426
441
432
429
432
428
428
431
409
407
402
413
405
395
410
419
404
413
402
405
405
411
404
399
404
409
407
406
400
407
409
404
406
403
409
397
403
410
410
408
410
409
402
405
404
405
403
399
402
407
405
401
403
408
405
466
404
412
411
409
405
501
387
388
404
392
386
387
388
391
390
387
386
387
394
399
396
393
397
392
386
382
399
394
393
388
392
390
400
395
392
392
385
390
1087
411
412
399
404
405
400
403
408
410
400
403
406
408
400
405
401
402
398
401
402
403
406
404
408
405
480
412
414
409
414
411
492
400
412
419
396
396
388
382
388
391
400
380
388
394
391
390
392
399
385
391
394
386
383
390
392
395
390
389
389
1082
403
413
404
408
400
403
408
412
407
412
481
382
398
385
402
389
1052
407
403
399
407
403
406
400
405
411
408
468
422
412
402
407
411
405
405
403
411
404
404
400
410
402
406
403
406
410
408
398
415
403
412
403
398
405
407
415
412
400
401
406
409
398
408
407
412
409
400
405
407
398
400
406
412
399
406
407
408
400
404
406
397
408
401
403
402
400
402
400
409
407
409
405
404
81374
416
408
414
411
412
408
411
407
416
405
411
418
428
408
409
414
411
407
409
413
418
421
414
413
412
407
414
403
412
414
418
414
434
414
408
416
1163
405
408
414
427
411
423
411
411
407
432
401
402
406
401
396
401
416
408
412
405
406
413
404
406
455
419
406
404
402
401
409
406
397
404
405
406
399
406
406
409
406
403
408
410
402
403
402
409
413
402
406
408
402
411
404
402
407
400
407
407
405
410
407
400
400
402
410
406
402
404
400
406
403
406
401
407
406
406
401
407
405
407
410
407
409
409
405
402
412
409
454
403
404
407
408
402
406
408
406
400
400
411
400
408
403
412
407
397
404
406
410
411
400
405
405
405
406
401
400
401
405
402
403
405
402
406
400
409
409
407
412
400
403
403
405
402
412
404
412
413
398
408
412
404
405
404
408
408
407
405
407
409
404
402
418
405
453
414
408
401
408
407
402
397
405
408
396
412
410
506
392
393
386
399
398
395
385
389
390
396
392
388
386
398
388
396
384
390
386
384
392
393
387
391
394
407
393
393
388
396
389
399
1071
402
404
400
402
403
412
399
407
405
415
414
397
408
411
404
401
405
406
164568
427
414
404
432
430
426
428
422
421
427
417
414
450
405
418
402
403
406
402
404
411
403
407
404
402
406
401
407
404
404
402
404
403
409
410
403
403
410
407
404
408
403
401
401
404
402
414
402
409
407
401
402
402
408
402
404
408
460
422
410
405
410
414
409
415
411
413
414
418
408
407
409
409
420
412
411
407
410
418
412
416
420
411
421
408
433
405
409
404
410
412
401
410
409
403
408
404
404
404
406
411
404
415
404
403
408
400
402
406
413
411
401
415
408
412
408
411
401
397
405
411
402
453
420
414
412
406
404
405
412
410
397
412
405
405
406
406
406
405
400
404
405
403
412
404
405
406
410
405
406
402
412
400
404
416
407
406
404
406
406
408
403
401
405
401
399
416
406
407
407
400
404
405
400
412
403
406
405
407
409
401
406
412
410
397
405
395
407
464
410
408
408
405
406
412
408
404
409
409
414
406
404
406
410
418
409
405
403
387
406
405
409
411
401
403
408
409
407
408
401
409
408
402
404
411
409
402
409
412
406
408
402
404
406
413
407
414
386
403
403
407
408
413
405
409
407
399
404
410
402
419
404
406
409
81267
417
424
425
426
410
422
418
438
430
431
431
416
419
434
408
407
402
400
408
408
415
406
402
417
405
406
410
402
396
407
411
403
408
405
403
400
408
405
410
397
405
401
415
402
400
408
411
406
405
401
407
405
402
411
401
409
412
409
402
402
402
401
401
403
480
412
401
406
407
405
409
402
406
412
405
410
401
405
409
409
403
405
400
405
405
402
407
410
400
406
411
406
400
403
400
401
408
408
409
400
403
407
399
406
408
395
402
402
408
416
409
403
407
406
408
404
408
406
405
405
410
405
409
412
407
395
401
404
400
451
413
402
405
405
407
405
412
407
402
410
408
405
400
406
406
399
400
407
399
406
407
408
415
406
401
405
501
392
388
392
391
398
403
388
384
391
384
395
401
391
389
391
388
391
400
394
392
387
387
387
395
397
396
394
397
390
388
393
392
386
391
390
396
396
395
393
1115
420
403
406
406
411
399
403
399
402
406
401
404
403
407
418
407
404
410
411
405
410
409
401
403
405
409
398
410
402
499
388
385
387
381
398
388
386
389
381
383
394
395
1060
404
406
406
408
406
399
400
416
401
400
405
402
404
408
402
406
412
406
412
84785
432
428
428
429
428
423
427
424
420
433
427
421
427
402
408
406
409
399
407
407
399
406
405
403
408
399
401
411
403
403
410
406
403
402
407
401
410
490
395
397
391
388
390
389
400
390
399
391
393
381
389
383
392
385
392
420
400
403
392
388
391
405
389
391
395
388
393
408
379
392
388
398
397
383
390
398
394
386
391
385
394
382
394
389
398
390
390
384
1081
409
402
407
406
397
404
403
404
407
407
398
507
399
382
394
395
394
392
401
388
393
390
398
386
394
1063
412
405
409
407
473
401
404
402
398
408
497
390
391
392
397
384
395
388
386
392
394
394
389
396
383
392
390
390
390
397
391
389
394
392
391
1062
399
406
406
405
403
403
399
394
400
409
411
410
403
405
404
400
407
409
408
399
407
406
407
403
405
402
407
400
404
406
412
410
405
461
404
403
408
400
409
410
413
402
405
402
408
403
412
404
405
401
401
405
404
403
402
404
401
401
406
404
403
403
409
407
411
412
412
415
403
401
407
408
405
410
412
410
410
404
390
410
410
408
404
402
407
402
404
410
405
399
408
404
409
407
397
402
405
408
404
82810
400
403
405
402
416
406
404
409
402
411
406
405
404
404
414
401
404
395
410
405
402
407
414
412
405
400
406
405
403
406
406
410
402
405
405
404
405
404
403
406
404
408
399
410
404
414
409
403
406
410
408
399
397
401
405
406
399
403
398
407
464
418
411
414
410
440
412
407
396
409
400
405
405
401
407
397
406
503
392
399
394
396
391
392
395
390
406
385
392
386
383
398
388
1064
396
409
410
404
400
408
402
405
400
407
406
405
401
405
404
403
400
413
405
411
398
407
402
411
404
406
402
407
397
400
408
463
405
400
409
398
405
404
407
399
409
402
399
401
415
412
406
405
399
404
409
405
405
413
400
410
407
405
401
400
400
410
419
415
415
414
417
406
407
406
430
409
405
403
411
406
403
406
403
404
402
402
406
404
407
410
403
409
401
411
413
414
402
404
400
406
443
418
497
1091
412
403
407
404
415
402
403
410
404
401
401
402
402
402
412
404
401
411
404
406
406
406
409
412
402
399
419
399
405
400
403
417
400
413
412
405
408
406
405
405
416
405
408
406
404
401
403
407
409
411
403
407
402
403
415
407
405
406
403
401
162053
436
431
420
521
420
420
420
418
412
419
441
390
389
382
400
391
404
402
398
400
382
397
402
400
399
391
395
385
1057
406
410
404
398
403
402
412
401
412
507
391
397
383
393
387
392
397
391
387
396
401
391
388
395
390
386
398
388
389
388
394
386
389
389
465
399
1063
410
401
405
405
408
412
406
447
402
411
404
511
400
387
391
409
394
394
379
392
395
394
1058
407
403
406
404
407
399
399
412
411
410
407
400
406
409
403
402
405
407
401
404
407
407
400
413
408
406
403
399
407
407
406
406
403
411
407
425
466
418
406
401
409
412
411
409
403
405
402
403
414
410
406
411
411
398
400
409
393
400
415
407
404
400
401
404
406
405
408
407
412
403
408
411
412
407
406
399
405
410
406
405
411
51460
404
406
403
402
403
402
413
888
406
402
391
403
770
670
416
417
413
431
407
410
405
406
415
407
475
402
400
406
403
405
406
405
405
397
402
404
400
412
403
408
412
402
403
411
406
400
406
401
404
412
403
407
405
406
417
418
407
404
412
412
407
403
406
402
409
401
398
404
403
408
409
406
400
405
406
410
412
404
402
405
412
397
403
403
406
403
404
406
408
470
427
401
408
405
412
401
403
406
410
400
407
402
409
403
409
405
409
404
408
406
400
413
404
403
404
407
405
412
405
412
409
409
406
402
405
411
409
416
402
402
406
404
396
402
409
415
408
400
401
402
403
412
415
407
404
405
407
410
404
406
406
405
400
407
406
474
414
411
413
398
401
406
410
403
400
410
412
407
410
410
410
401
405
403
403
409
409
408
408
401
405
403
414
412
409
407
405
406
405
406
398
405
395
405
404
401
403
410
403
403
400
406
410
403
402
402
410
403
403
416
404
403
405
404
406
411
398
409
403
414
398
56888
408
406
406
403
408
412
414
409
402
404
401
410
406
401
410
404
405
405
416
406
401
406
400
409
404
402
412
398
409
405
406
407
411
409
404
401
411
406
417
409
411
401
405
410
408
401
406
407
410
411
400
405
409
406
403
405
403
406
464
409
403
407
405
396
398
397
405
405
405
410
411
411
406
411
411
404
402
405
406
414
414
400
412
412
404
403
409
406
405
406
399
406
403
403
407
416
413
407
412
415
405
404
402
411
412
402
406
408
405
402
406
410
402
405
408
406
407
403
401
411
407
406
399
410
465
406
405
406
404
408
420
412
417
414
419
409
406
410
409
415
409
426
399
407
406
410
405
412
407
396
414
400
401
410
408
407
405
410
404
407
403
408
406
407
409
401
406
408
406
400
405
413
402
411
405
407
402
408
401
403
405
400
408
406
407
411
401
397
405
479
408
401
404
407
407
402
404
407
408
400
407
404
404
407
404
403
409
411
415
416
405
410
409
407
428
410
404
401
407
405
400
406
409
409
428
403
408
402
405
413
408
397
410
406
413
403
400
404
407
411
403
408
407
406
405
406
409
414
418
412
410
408
403
407
164256
431
419
425
427
430
424
429
428
425
436
421
425
413
426
404
400
397
407
403
405
384
407
408
400
402
407
407
411
401
407
410
417
404
411
399
407
417
399
406
402
402
407
404
404
408
409
390
409
407
402
403
407
405
412
410
402
407
410
470
422
408
401
401
413
407
408
399
405
402
401
404
410
405
394
405
400
415
407
407
408
406
403
406
407
405
405
413
406
400
402
405
412
404
404
402
404
407
401
400
405
407
405
405
406
405
412
414
406
411
410
406
405
407
405
407
399
397
403
406
400
401
403
401
401
458
415
411
415
400
407
411
406
408
408
405
426
400
409
405
408
410
415
412
415
410
410
407
417
437
408
401
408
404
412
413
413
414
401
403
400
405
404
408
403
408
400
408
404
410
403
406
400
409
397
402
411
416
399
408
408
405
401
410
396
404
399
402
407
405
406
481
409
405
411
413
416
406
410
414
411
410
416
408
412
436
407
410
396
399
408
405
406
404
407
399
407
405
409
409
403
404
403
402
418
407
404
410
409
401
396
403
415
397
406
404
409
396
406
410
409
405
397
406
399
403
403
411
402
406
404
411
400
399
410
406
82508
426
425
424
453
416
418
413
424
417
424
432
398
402
402
402
404
403
406
404
403
407
404
403
405
405
400
401
404
402
401
409
405
408
405
409
402
405
411
410
397
401
406
415
411
395
400
404
398
406
413
401
409
410
404
403
407
410
411
409
399
405
459
408
403
412
405
414
412
409
406
427
408
407
401
408
405
400
409
403
410
403
407
408
411
407
402
405
405
402
416
394
402
408
409
403
410
414
401
402
406
408
400
401
405
406
404
400
406
399
408
403
407
409
399
401
409
407
401
413
402
408
404
408
400
405
409
402
459
412
410
417
411
412
417
408
406
408
409
431
400
400
399
409
413
409
400
412
411
402
411
410
403
401
408
409
402
401
409
411
406
403
408
413
407
409
407
411
400
403
403
406
404
409
411
402
407
406
406
409
404
403
415
411
404
401
403
408
403
401
406
398
402
454
418
405
407
406
414
413
419
411
417
414
415
443
406
406
410
398
400
403
400
406
413
401
399
408
406
401
409
408
402
412
412
405
401
402
404
409
405
412
433
412
412
420
408
411
409
420
422
424
423
411
415
414
423
414
405
424
420
421
420
411
412
417
418
408
70124
437
425
432
429
434
428
429
431
441
424
432
425
412
415
420
408
407
416
408
412
416
409
416
409
413
464
413
405
406
411
438
406
404
402
412
414
411
431
404
404
411
418
430
414
415
509
394
395
396
399
396
392
395
392
403
395
405
398
392
391
403
390
396
390
396
394
396
394
401
394
399
402
397
394
400
393
398
398
392
402
1057
411
400
415
416
416
413
409
419
472
428
416
426
412
418
407
410
418
412
426
438
409
406
397
402
406
415
405
406
410
405
402
401
414
407
408
402
406
413
400
408
404
406
406
413
407
435
412
400
408
400
409
495
395
395
430
388
382
398
387
392
399
389
406
389
401
389
385
389
389
393
382
396
387
385
463
1085
402
402
403
403
404
411
411
407
397
401
400
408
503
390
387
387
385
387
380
392
390
387
389
399
392
401
382
397
388
1058
400
400
407
406
402
407
406
401
412
406
504
390
384
398
397
389
393
375
406
389
393
388
399
390
389
395
388
385
401
388
401
137431
453
431
435
421
433
417
435
426
431
445
409
417
416
416
405
409
400
404
407
399
400
398
406
405
402
404
409
403
401
406
401
408
408
406
412
400
406
408
410
411
404
404
406
399
402
412
411
410
399
400
407
399
412
400
404
401
405
401
474
411
412
409
406
514
1066
406
416
432
403
405
410
404
399
409
408
495
393
391
385
386
394
396
393
396
402
386
391
393
388
387
391
381
399
386
396
391
397
390
397
391
393
394
398
385
389
407
389
388
381
383
398
1085
404
406
404
408
405
403
413
408
397
474
402
404
399
406
406
400
412
397
506
403
397
382
394
397
385
379
391
392
386
386
399
388
390
392
389
385
392
394
394
387
388
397
390
396
399
395
391
381
397
386
395
398
391
390
397
397
393
388
399
395
392
391
384
393
389
382
398
384
391
391
395
387
392
391
394
392
460
1083
408
402
412
412
412
412
419
406
404
405
410
409
426
503
387
384
398
395
396
398
395
397
387
396
388
398
388
406
392
393
386
396
390
384
391
384
389
1098
404
401
410
407
414
406
400
404
406
409
497
388
381
391
389
381
400
388
387
385
399
1062
81396
424
420
433
433
427
429
429
411
430
441
411
414
412
400
406
410
410
403
404
410
404
415
408
403
405
414
404
409
402
411
404
407
403
410
408
406
412
404
400
408
409
403
399
405
410
400
406
410
412
404
406
404
408
406
399
406
406
412
410
400
402
406
406
472
418
403
402
405
401
409
413
406
400
405
408
411
412
397
407
420
405
405
406
404
405
406
408
399
410
403
397
403
401
412
400
399
406
405
405
403
403
403
412
404
401
410
405
408
408
407
408
405
404
410
411
402
405
400
405
406
399
408
402
399
405
413
405
402
409
109490
407
410
412
411
406
400
492
388
392
398
390
386
393
413
387
396
386
385
388
387
384
392
393
396
394
390
393
388
391
407
391
396
396
399
384
395
401
393
385
384
388
387
404
394
397
394
399
386
1076
411
406
411
409
414
418
413
411
417
433
408
552
405
1064
404
405
399
407
416
438
408
404
405
398
502
401
394
399
398
388
392
395
403
395
389
389
382
389
396
397
387
400
395
382
394
391
397
395
1060
402
404
410
407
401
404
404
411
403
404
401
405
401
409
412
406
410
398
411
409
398
406
410
408
412
457
405
404
407
405
403
406
393
405
408
404
406
402
407
408
417
418
411
425
404
484
401
392
394
407
391
418
389
389
395
391
381
395
396
392
388
396
391
1065
404
402
407
403
405
401
407
400
403
401
495
393
1081
401
408
401
405
402
408
403
405
401
403
447
415
403
411
404
411
402
408
405
400
410
401
405
401
403
404
402
405
408
407
407
406
406
403
506
389
397
397
389
389
403
392
395
399
386
398
383
391
387
391
390
382
394
1046
404
401
401
400
414
404
404
410
408
412
406
404
403
406
395
402
411
402
405
401
408
456
408
405
407
395
409
417
413
406
404
406
400
406
406
402
410
406
405
400
401
400
402
408
401
405
395
411
410
406
406
406
412
407
414
413
407
403
402
406
408
402
404
411
412
400
406
416
405
402
406
408
406
404
405
397
414
409
401
407
405
410
403
402
412
413
408
460
404
406
406
407
409
398
397
408
403
406
413
404
408
408
410
409
412
406
410
403
408
408
403
403
406
404
411
400
401
400
406
407
404
508
394
397
388
404
395
393
394
400
394
387
400
409
395
397
387
390
389
396
382
395
395
395
388
382
399
396
386
394
391
391
389
189426
421
415
408
410
412
404
409
407
400
400
406
403
411
406
404
410
406
406
407
407
399
406
409
398
405
401
400
401
401
406
408
393
390
411
401
406
406
405
407
407
404
404
401
403
402
406
405
408
407
403
398
390
400
404
409
408
405
405
405
406
410
405
405
464
412
405
402
401
407
408
401
405
410
404
405
403
406
410
404
402
415
410
400
400
405
398
403
404
410
410
403
406
405
405
403
407
406
404
399
401
403
408
412
404
510
411
385
399
382
392
389
389
395
389
389
389
399
388
396
394
387
391
389
400
393
395
403
389
404
805
417
401
403
401
401
400
415
400
400
413
399
414
407
408
401
402
412
411
405
398
410
410
406
399
407
406
408
403
411
400
411
405
402
406
408
404
403
405
405
402
406
403
403
402
405
400
402
402
403
410
402
407
405
407
400
403
404
407
396
413
404
404
405
408
449
410
410
403
406
497
394
387
391
399
392
392
396
394
385
396
394
384
391
399
397
393
382
392
388
397
386
391
387
384
398
388
395
393
398
391
397
391
393
395
392
388
394
396
403
394
396
390
388
1058
410
409
401
404
406
395
407
407
408
396
403
402
406
404
404
406
81484
407
409
404
398
403
408
406
409
407
404
401
416
405
404
403
405
411
402
403
409
409
402
405
407
406
395
402
410
407
403
404
408
403
407
406
407
407
400
406
407
407
402
410
401
403
404
408
401
401
402
413
399
415
399
413
400
406
412
399
407
405
403
399
406
467
410
399
402
405
776
409
398
400
391
392
391
406
386
392
403
388
391
382
397
400
401
400
387
392
404
392
1085
399
406
400
405
405
402
403
409
409
408
1185
409
404
399
404
405
404
405
408
413
414
404
400
402
410
402
405
401
410
401
404
405
408
453
416
405
406
408
405
406
404
404
494
394
392
392
386
399
393
393
391
398
394
393
403
413
383
393
391
397
392
417
382
391
395
383
397
398
388
395
392
398
396
383
397
380
396
382
394
388
385
384
390
1089
402
409
401
408
406
399
403
407
405
406
400
402
404
401
408
464
402
406
401
407
421
410
493
392
386
391
396
390
387
1046
410
403
403
417
397
409
400
405
410
494
386
387
393
390
383
385
391
396
417
388
390
393
390
384
390
398
419
400
396
391
396
392
397
391
390
396
392
385
393
391
393
395
398
399
385
1080
404
402
84783
413
424
418
422
421
434
431
510
428
392
385
398
387
396
391
392
384
396
394
389
392
383
392
393
384
392
394
386
390
394
391
397
407
393
392
391
386
398
388
393
390
396
387
391
384
391
396
391
381
395
397
403
386
386
391
389
396
440
1061
402
401
406
403
406
401
405
410
406
397
404
407
405
405
406
497
391
393
1055
402
398
408
413
400
411
412
406
410
499
387
390
400
391
393
391
394
395
386
395
388
383
395
394
393
392
392
393
393
393
385
387
387
387
389
387
391
392
385
392
391
400
429
1075
405
406
404
408
399
406
410
403
404
399
407
415
405
400
402
404
406
404
406
403
401
399
405
402
406
405
410
412
490
390
385
383
403
380
394
388
392
400
391
400
395
395
381
396
391
396
390
393
383
391
386
385
393
398
385
389
400
394
404
382
389
395
395
466
1057
408
411
402
408
405
401
412
409
409
406
402
409
411
411
412
401
410
405
406
399
401
409
406
496
382
388
387
389
392
406
397
389
389
384
383
399
393
394
388
385
397
386
394
398
388
387
388
386
395
389
394
391
389
377
392
389
388
385
389
397
390
388
384
396
83819
416
423
437
400
412
411
406
497
390
384
399
390
392
400
395
397
391
1076
411
403
409
410
408
412
400
400
407
400
401
401
406
401
406
411
501
384
388
1048
403
406
410
408
396
406
410
403
404
411
404
403
401
405
411
408
442
419
409
406
405
401
405
403
403
404
413
412
401
395
405
408
403
404
404
502
394
392
395
393
395
403
391
388
383
395
389
392
394
393
399
394
394
395
393
388
1083
405
402
407
409
399
406
402
405
401
402
409
412
406
414
402
400
411
410
412
410
400
404
403
401
490
402
409
412
401
403
492
386
398
397
385
382
395
390
395
389
392
389
392
390
383
392
390
1068
411
400
408
405
407
402
411
410
408
499
398
398
1054
400
403
408
408
408
400
414
406
411
408
399
405
407
402
401
402
405
404
412
402
407
405
403
405
413
462
418
403
407
410
408
406
412
401
406
400
401
405
411
402
401
408
410
410
411
403
405
401
409
399
404
396
399
401
406
411
401
411
406
398
403
405
406
417
401
405
399
408
403
401
405
407
405
402
406
399
413
406
405
409
407
403
404
404
406
403
404
406
407
406
399
81169
437
421
436
421
426
430
440
398
404
505
404
389
387
390
388
398
391
388
394
391
391
403
399
389
391
389
395
391
398
391
395
406
405
386
1071
411
417
411
405
412
410
408
417
406
409
419
409
412
413
408
413
407
406
408
409
411
410
410
409
408
405
425
405
480
411
411
411
409
431
404
410
407
402
404
406
401
402
401
408
399
407
411
403
504
394
397
413
400
403
407
406
414
406
397
395
398
396
392
400
389
404
403
405
398
392
405
389
391
399
389
413
390
398
404
1061
408
409
412
404
410
402
404
400
396
418
411
408
447
412
408
403
401
415
402
403
403
405
415
401
403
408
409
400
403
407
403
409
403
416
405
411
512
389
387
393
390
381
390
398
397
389
406
389
395
392
390
389
392
391
385
382
398
390
390
388
387
390
395
392
391
389
1065
403
407
404
407
408
408
403
409
396
406
481
408
400
409
403
413
401
402
408
414
411
408
399
412
397
409
403
412
406
404
404
401
402
407
414
403
398
405
400
406
410
406
399
409
405
410
404
492
388
392
411
395
393
394
397
392
382
395
399
394
386
389
397
391
386
395
395
394
394
401
388
396
381
383
400
387
190604
430
429
426
429
416
411
435
422
421
435
424
421
445
402
405
402
400
404
403
409
413
412
410
402
406
411
407
405
404
410
403
403
414
400
405
410
404
409
403
407
400
405
404
404
408
399
413
408
408
405
408
408
404
405
406
407
400
405
405
411
491
404
408
411
412
411
405
406
405
404
412
403
401
409
400
400
409
404
402
406
401
406
410
410
404
407
407
407
397
402
405
401
404
407
405
402
410
412
400
404
402
405
409
400
408
405
409
398
409
410
409
410
401
409
410
406
408
409
403
405
413
398
402
407
411
463
408
402
406
407
397
404
404
404
405
409
409
408
415
410
408
406
406
409
408
403
406
405
413
403
411
402
403
412
412
496
391
389
399
401
390
398
383
403
392
387
391
392
387
385
400
386
394
395
397
393
387
392
390
384
1083
408
410
410
400
401
407
407
400
406
462
414
410
411
409
406
401
408
401
409
407
398
409
410
409
405
400
405
398
387
407
415
408
415
403
412
408
406
399
416
411
405
402
403
404
406
489
392
387
399
395
397
392
391
400
393
392
389
399
387
387
385
394
390
394
395
397
394
383
389
388
392
388
389
394
392
82605
433
435
435
418
440
430
437
451
411
415
406
413
407
407
414
412
407
399
406
408
401
397
409
415
405
403
400
408
410
399
411
411
408
505
386
397
394
379
393
399
392
396
391
394
387
388
388
394
382
388
395
394
385
409
396
387
396
396
387
388
388
736
400
410
1095
408
418
406
432
403
413
411
402
407
405
500
386
384
398
388
402
398
387
389
395
405
394
403
391
392
388
384
400
394
382
394
397
400
395
390
384
390
391
387
384
397
400
389
383
397
392
395
394
392
392
391
400
392
392
387
376
397
399
387
398
394
448
1059
408
400
406
403
403
404
402
410
412
408
412
404
406
409
403
398
403
404
401
499
390
385
394
387
383
398
388
392
393
390
395
396
400
391
389
392
400
394
383
389
389
395
389
396
390
390
396
385
392
396
391
392
394
394
400
389
394
395
399
398
391
397
386
449
415
1099
404
401
400
402
407
401
408
403
405
409
402
402
405
403
394
403
403
403
408
410
404
415
413
504
392
392
398
390
389
387
399
397
1080
413
412
405
399
409
406
411
403
500
399
391
387
393
393
393
394
393
389
397
393
383
388
395
387
392
381
394
81300
411
408
400
409
402
410
410
407
494
397
392
388
395
392
388
399
392
392
393
395
383
396
384
400
391
393
396
394
390
389
401
394
393
394
395
387
395
386
392
396
400
390
405
388
394
385
387
390
394
391
391
1059
412
406
403
405
403
410
398
403
406
410
411
397
461
406
406
402
502
384
390
384
392
398
391
388
394
394
403
397
389
396
391
388
394
395
385
404
388
392
390
393
392
401
395
387
397
398
395
391
394
390
391
387
382
398
388
392
398
1094
408
402
403
407
405
409
404
400
408
405
504
390
396
390
389
390
404
1127
409
408
406
405
408
406
412
412
402
406
509
392
390
385
405
395
381
400
395
400
390
390
385
394
393
391
397
392
400
391
399
388
1063
412
408
402
406
404
405
408
412
398
410
486
397
393
394
389
387
391
393
390
383
392
384
1087
404
403
403
406
403
412
448
413
411
408
403
410
406
412
408
403
397
409
405
399
408
409
408
401
395
417
409
404
405
409
402
403
404
399
411
407
398
404
402
404
402
404
412
408
396
409
407
410
405
486
393
391
397
394
398
395
399
394
390
396
395
383
395
386
389
394
403
392
388
398
386
390
387
81402
411
428
408
528
409
422
421
417
420
422
439
387
392
386
396
394
394
394
383
390
393
391
396
391
396
398
392
389
394
394
387
384
395
399
392
392
392
398
389
400
384
384
388
1059
410
402
398
405
404
408
407
407
401
400
407
406
411
409
404
401
399
401
399
470
414
404
405
503
395
395
396
385
1058
404
406
401
404
406
502
392
391
381
392
397
1047
405
400
396
416
410
402
402
415
405
404
401
408
402
399
405
411
409
399
404
399
401
400
413
418
405
402
408
403
401
406
404
405
410
403
400
406
404
501
402
399
430
1046
398
405
412
410
402
399
406
403
410
407
403
404
405
404
399
402
397
409
407
497
388
401
1054
407
403
406
409
413
402
406
410
409
400
400
408
409
409
412
406
406
403
418
408
421
408
408
429
414
405
411
415
414
416
418
409
424
413
420
406
422
453
413
414
411
403
408
402
406
404
414
415
411
402
416
410
405
402
406
410
402
406
401
402
409
404
401
409
405
404
401
412
410
409
416
413
404
404
410
401
400
413
404
408
403
405
400
414
399
406
412
412
401
411
406
407
408
407
402
402
413
411
405
402
409
398
408
189332
410
433
420
423
431
514
416
425
396
396
393
394
395
396
394
390
386
390
393
390
397
391
395
391
392
391
385
385
390
398
390
1048
400
409
406
405
409
410
409
403
410
401
408
405
411
401
402
418
409
404
405
403
410
401
407
410
410
412
407
399
405
464
411
410
402
401
410
493
393
390
393
387
383
388
397
382
387
391
395
396
394
391
381
394
389
399
394
396
397
392
384
390
382
389
387
386
394
393
393
384
394
393
396
398
391
395
389
391
390
393
390
398
389
1069
397
415
407
414
400
393
416
408
409
403
406
399
407
463
405
402
418
404
408
401
401
401
401
402
402
422
405
403
410
408
401
413
408
407
405
410
405
402
408
402
405
405
405
410
404
404
408
405
399
407
406
406
405
408
407
403
405
401
410
402
407
406
403
410
405
400
394
404
408
399
410
404
400
408
411
406
411
412
436
420
407
407
405
406
410
410
404
405
396
402
404
402
403
410
408
403
404
407
405
403
412
501
388
385
392
384
400
381
397
390
391
393
393
396
387
389
397
397
391
390
394
391
391
395
391
390
395
393
395
389
395
394
399
389
395
393
389
398
391
382
396
386
408
396
393
82832
442
422
428
417
422
432
424
430
431
430
418
434
421
435
400
402
403
404
403
404
403
407
406
400
401
411
412
409
416
410
402
418
406
405
404
410
403
407
403
403
402
405
405
400
408
410
409
406
400
407
412
408
401
403
405
409
406
413
405
404
465
412
409
398
401
409
408
405
401
410
409
401
407
409
409
405
400
406
410
400
401
410
405
403
409
407
406
406
405
399
411
408
399
403
402
408
406
403
404
405
406
404
402
402
402
405
411
406
412
411
406
400
408
403
402
404
406
411
407
400
407
408
407
403
406
410
451
405
401
401
402
402
404
402
406
414
408
409
401
406
407
400
398
416
400
399
399
409
403
408
400
409
406
409
403
407
406
400
406
406
408
406
412
406
410
408
399
406
408
400
409
413
386
404
399
403
407
402
409
406
404
412
405
409
405
401
410
408
399
409
412
405
462
401
405
399
409
405
413
403
414
410
401
406
406
411
403
408
408
407
405
405
410
406
408
406
407
405
410
412
409
408
400
413
399
410
401
405
410
409
399
410
403
405
413
403
412
405
405
400
401
408
410
406
401
405
410
442
426
418
413
427
437
415
428
412
423
81356
411
405
399
406
406
406
407
406
409
407
408
409
399
407
406
412
403
399
406
400
409
405
402
400
402
407
409
410
409
401
405
401
403
412
407
416
406
414
404
404
402
400
405
405
412
410
408
404
411
407
412
417
407
410
403
403
405
410
403
408
406
412
403
412
453
415
410
412
412
406
406
410
409
408
399
409
410
408
405
403
406
408
399
407
413
410
410
411
402
409
407
409
405
410
401
403
405
400
402
407
405
403
409
401
405
405
406
405
411
405
399
402
400
405
403
412
410
395
408
408
409
409
403
404
409
400
405
409
402
447
421
412
409
401
412
400
401
405
403
406
404
406
403
406
404
407
403
413
403
403
407
405
399
406
407
406
403
406
412
408
404
405
401
398
404
411
407
403
401
414
405
414
403
403
406
402
399
406
407
409
411
403
406
399
406
402
405
403
407
409
408
406
410
410
402
462
415
408
406
403
404
412
399
406
403
401
406
401
411
405
400
402
408
401
400
404
405
410
408
402
406
406
410
400
404
407
407
411
399
413
407
404
405
410
408
407
403
406
404
405
404
406
405
412
409
401
415
405
408
406
403
405
416
410
400
403
406
401
413
405
402
81950
445
435
418
422
434
418
421
432
431
403
423
422
417
438
446
405
403
403
406
400
405
416
410
405
415
400
416
403
408
398
407
406
406
409
408
406
407
413
407
403
404
414
408
403
404
407
406
400
403
409
411
403
408
409
411
408
411
402
401
408
400
406
477
408
401
405
405
408
401
416
416
403
399
405
401
403
407
410
404
406
420
397
412
401
407
410
401
404
399
412
410
406
408
405
405
404
405
405
401
406
403
406
414
406
407
408
407
406
405
405
402
409
404
405
407
404
410
399
397
403
400
402
406
403
406
403
402
409
484
400
409
403
401
413
417
418
411
403
409
411
404
412
404
404
407
404
505
383
391
393
395
388
393
388
390
383
391
398
390
384
389
397
391
385
398
396
402
390
385
390
404
390
390
390
386
394
386
398
394
389
388
395
403
391
1069
401
402
414
413
412
407
407
455
451
402
409
420
424
409
414
434
406
401
406
404
408
411
434
402
409
411
404
404
403
405
403
506
396
393
389
390
392
398
394
398
390
388
386
387
394
391
389
393
391
396
394
388
397
390
393
393
395
386
392
393
395
389
396
393
398
398
391
392
392
391
395
392
392
396
83866
422
425
427
436
446
401
486
390
393
398
387
387
391
395
389
398
379
390
385
398
384
394
389
402
393
395
394
389
396
394
387
389
391
390
399
393
1061
401
408
405
411
408
405
400
400
409
400
405
400
409
411
407
402
404
406
402
403
456
403
398
405
501
381
388
388
396
390
388
395
382
390
391
401
387
399
381
399
381
393
391
390
390
391
396
391
388
391
388
382
398
1088
405
400
405
405
399
404
404
407
407
407
505
391
392
387
391
402
391
388
396
392
1040
405
405
405
401
408
410
406
400
448
417
409
400
405
487
393
388
387
392
386
385
396
397
388
393
402
391
386
391
397
398
390
399
389
387
394
399
398
389
386
394
389
401
394
398
393
388
392
393
389
392
382
398
384
394
392
395
394
387
389
381
392
389
386
398
379
395
394
397
394
390
384
389
391
386
398
383
441
1061
402
400
405
412
399
402
404
401
403
406
406
410
401
403
404
400
403
401
410
399
403
417
404
408
490
392
389
392
394
399
383
398
379
1044
406
405
405
405
405
500
391
392
390
388
395
394
398
1087
402
403
409
407
408
401
400
404
402
406
405
192426
436
432
426
410
419
428
421
523
420
420
413
432
393
396
386
389
395
395
396
393
396
391
395
392
396
393
391
395
394
393
387
384
397
391
1084
415
409
398
405
410
402
408
400
406
399
402
496
392
396
387
390
396
388
393
434
1061
412
401
403
407
403
401
401
413
410
409
406
405
407
406
410
412
400
483
396
392
394
398
395
383
390
391
389
395
382
393
394
395
384
395
392
385
397
391
390
398
393
396
393
401
388
393
384
385
388
400
388
393
386
384
392
397
399
396
385
398
389
398
384
437
1068
405
407
402
408
404
398
408
402
408
403
402
411
411
407
401
408
401
405
412
407
401
506
394
394
394
389
396
396
394
392
393
390
393
393
386
392
388
395
394
383
388
392
382
388
404
397
401
388
389
384
386
386
388
391
388
389
1074
409
404
404
411
405
454
405
402
412
405
406
407
406
403
399
410
414
416
408
407
405
403
407
405
419
406
414
403
407
409
408
409
410
411
411
504
389
389
384
384
398
392
396
393
386
398
394
390
386
392
394
383
398
386
399
388
388
390
398
394
388
391
392
393
395
392
396
1058
401
408
82826
413
409
772
527
396
415
386
387
398
387
389
390
391
391
390
1065
409
401
415
404
403
413
401
408
402
408
409
399
410
403
405
408
410
405
414
411
411
405
503
396
391
399
387
391
393
388
392
399
392
392
384
386
393
400
396
396
391
397
432
385
392
384
1048
412
407
403
410
401
403
403
397
411
406
504
384
401
394
388
386
395
391
390
392
395
387
392
396
406
391
386
396
401
403
391
399
403
395
388
389
393
394
396
393
390
390
393
395
396
391
393
391
388
394
389
393
387
383
392
385
395
392
403
392
390
439
393
386
397
388
392
393
393
390
390
393
399
384
396
396
397
387
394
1062
409
411
402
400
402
409
407
401
405
404
407
402
408
404
409
404
404
406
400
401
407
402
407
404
404
402
397
401
408
409
399
413
404
404
404
405
404
412
402
410
407
404
405
403
401
399
466
403
409
400
405
405
411
406
403
408
407
406
403
404
406
407
409
411
403
407
406
406
402
408
406
407
401
406
403
401
404
411
406
407
403
408
492
390
391
396
393
394
394
398
391
395
397
388
393
399
383
398
391
387
378
387
390
1084
397
405
403
406
404
404
81364
427
418
410
430
510
414
417
425
436
386
389
388
382
399
391
382
388
391
393
391
400
394
389
395
396
395
396
391
409
391
393
403
387
393
388
399
386
398
395
391
381
1093
399
401
400
413
414
411
405
402
408
399
410
400
402
403
410
404
406
403
408
406
405
456
410
404
410
408
400
401
409
406
502
396
392
390
395
389
386
393
390
392
403
389
388
386
398
379
390
394
386
390
388
395
379
389
390
390
398
396
393
398
390
393
394
400
391
384
396
404
386
397
405
389
395
393
401
390
400
408
403
1090
402
404
402
403
402
412
441
415
404
407
403
411
410
407
400
401
406
401
405
497
387
395
402
389
395
389
383
391
388
395
392
393
389
392
393
390
400
388
393
378
387
387
402
395
394
394
403
418
422
427
419
429
419
415
420
421
422
426
440
387
392
388
397
400
384
397
396
398
392
388
393
390
392
435
1056
405
407
406
406
399
411
406
410
404
402
414
410
416
764
401
399
392
394
391
404
391
418
386
397
389
383
400
384
389
395
392
420
385
393
396
391
388
390
416
392
392
385
401
391
396
401
1053
415
416
416
406
415
407
412
417
409
409
418
409
415
81173
436
420
424
425
431
416
421
421
431
412
401
525
423
428
423
431
386
400
392
390
389
394
389
395
390
398
396
394
393
385
391
388
392
393
392
398
397
385
389
393
390
388
387
389
391
387
389
391
391
396
391
394
775
403
404
396
405
399
408
406
403
406
409
408
458
411
408
408
406
491
396
385
399
384
397
385
391
394
390
391
390
381
394
393
394
390
390
389
396
391
400
390
392
389
392
395
396
394
395
399
389
394
385
398
385
395
394
401
390
388
393
394
382
398
384
394
381
394
393
385
399
379
392
398
396
389
395
388
1048
406
444
411
408
408
398
403
400
406
405
401
403
503
378
391
387
390
383
387
391
386
395
395
401
386
391
388
393
378
398
398
394
1051
401
404
406
402
401
409
404
403
414
404
499
386
389
391
395
387
392
392
389
388
401
394
400
389
386
396
389
401
393
398
392
397
391
422
1075
409
403
402
399
400
400
405
402
397
403
501
389
384
388
391
387
391
390
395
394
384
393
391
399
391
390
392
395
386
391
388
391
383
388
390
381
395
401
391
387
392
379
390
389
393
390
387
395
389
398
390
383
398
388
392
1051
411
408
401
403
407
407
188852
428
425
418
418
421
531
409
422
414
424
422
417
415
444
381
392
396
401
395
391
394
390
393
396
395
391
391
401
387
396
395
392
391
395
391
393
399
386
391
393
392
391
395
397
388
387
392
391
396
394
395
395
392
404
387
389
386
394
391
386
383
1056
400
418
497
405
402
404
405
399
411
400
505
385
383
398
389
385
384
403
389
396
389
391
409
401
403
402
384
396
395
394
387
394
394
378
387
400
396
398
400
387
392
390
397
383
385
394
396
395
399
391
399
391
391
397
1056
407
398
412
400
402
400
415
406
400
404
504
393
435
1090
404
409
404
405
400
406
403
403
500
390
391
393
399
391
392
394
395
396
384
388
397
391
394
387
404
396
390
390
388
382
399
383
393
390
393
396
393
396
394
395
388
397
394
393
394
389
399
392
387
392
392
387
391
372
391
380
388
391
392
390
398
395
392
439
396
1098
401
404
412
402
403
401
405
403
400
403
398
410
499
392
390
387
384
405
387
386
388
396
387
