411
403
408
403
414
415
411
423
404
421
413
410
428
398
411
403
406
406
409
389
416
407
413
410
412
415
426
408
399
402
403
415
405
411
399
405
408
409
402
410
504
407
420
412
426
418
421
407
410
409
415
413
415
415
414
431
401
405
398
403
409
405
395
499
395
398
394
400
388
385
391
391
392
397
387
382
391
399
399
393
397
395
396
387
384
393
392
386
396
393
399
387
393
395
388
390
396
1077
412
402
402
406
402
413
403
468
398
405
407
419
411
413
422
423
414
417
419
437
413
421
419
408
404
430
414
414
409
422
405
423
407
413
410
417
423
412
408
416
412
417
415
409
419
410
422
408
411
410
411
418
412
407
417
420
417
413
420
414
421
411
411
414
408
417
409
399
416
419
417
481
426
433
415
419
416
437
409
412
419
416
419
432
408
400
404
406
400
406
405
406
410
399
405
404
409
411
403
413
405
403
406
402
405
406
399
406
413
410
406
399
406
408
401
400
404
409
401
400
407
412
413
402
403
406
409
400
404
407
405
401
403
409
409
403
407
81692
434
431
417
419
416
428
419
424
423
420
418
423
436
430
429
448
413
401
403
399
403
411
412
407
409
409
410
410
412
409
414
402
410
404
413
419
411
418
408
411
421
409
408
410
407
416
418
431
418
420
419
405
405
421
420
415
404
411
413
422
418
499
434
440
420
409
416
410
412
399
408
418
409
431
406
433
422
407
414
409
415
413
412
417
409
425
408
407
412
406
411
410
412
411
406
405
412
403
415
403
408
413
410
397
405
400
406
412
403
412
408
431
402
406
407
401
406
407
399
410
414
411
410
412
410
411
475
422
411
412
406
410
408
408
406
415
413
417
408
452
407
412
409
424
412
413
413
407
400
412
405
436
408
406
412
413
406
417
410
409
434
407
410
412
408
416
421
415
415
413
413
412
419
407
420
407
425
415
417
426
422
417
415
420
415
419
424
434
434
424
493
432
422
418
416
420
424
418
418
414
416
424
421
409
406
568
432
413
425
417
413
413
501
570
608
618
539
581
582
645
454
405
418
415
410
422
414
411
402
419
413
409
425
420
406
429
405
415
426
412
411
421
403
415
425
418
402
403
417
418
432
96476
451
449
452
450
459
445
435
447
438
443
442
459
413
414
412
406
410
411
427
419
415
414
417
424
438
499
450
441
430
449
449
440
450
428
441
425
435
440
429
434
441
462
443
449
459
459
450
446
434
443
451
436
433
442
434
435
433
444
444
458
456
452
453
455
448
469
455
450
438
441
438
438
440
448
441
437
442
441
444
443
443
441
441
434
450
584
442
435
455
432
445
444
446
430
446
434
433
442
435
448
433
436
437
427
436
421
423
418
425
418
424
435
421
417
434
411
427
429
409
420
424
422
427
419
423
420
435
432
439
416
420
412
416
419
426
415
418
419
409
429
421
427
426
421
418
412
415
416
524
417
420
430
419
421
419
422
431
416
416
419
424
426
425
418
425
419
418
413
428
416
419
422
415
421
425
416
411
419
421
414
415
417
424
417
416
413
420
419
421
419
413
416
416
420
408
415
420
413
413
418
415
409
404
406
416
415
411
411
421
417
420
82471
447
445
424
424
416
421
418
411
410
406
422
410
415
414
426
409
407
409
421
409
420
417
404
412
411
415
422
413
412
408
405
427
408
408
413
411
407
417
406
413
409
415
416
416
418
413
430
409
415
422
421
409
420
415
408
406
416
423
403
420
499
419
420
411
421
418
414
413
415
416
420
415
414
415
410
411
416
418
412
413
404
417
418
418
421
423
419
424
406
423
420
406
417
413
410
414
430
421
415
408
417
418
414
423
415
412
407
414
415
417
412
420
411
419
411
410
414
412
419
417
407
428
414
419
488
437
418
420
421
410
413
405
416
411
408
413
411
417
416
421
414
413
430
429
442
441
438
432
432
438
444
427
436
459
429
439
414
431
438
422
430
434
425
425
420
431
413
409
424
412
416
413
411
412
407
414
412
407
414
421
416
424
407
412
412
408
411
420
498
411
420
415
416
414
417
413
411
425
413
409
409
417
412
415
408
419
420
422
413
431
419
406
414
406
415
409
417
416
408
417
423
420
420
417
411
411
417
414
418
413
413
423
412
415
413
412
419
423
419
407
431
417
419
414
411
410
433
414
419
417
413
415
162129
429
419
410
414
413
411
410
416
419
410
406
410
413
417
410
410
415
410
414
413
418
411
412
416
416
409
407
420
416
420
411
421
412
421
417
412
412
414
414
426
414
421
420
414
420
416
412
411
416
416
409
417
414
414
412
412
412
417
414
413
406
407
490
433
417
407
414
422
405
422
424
416
407
413
409
411
417
413
417
410
413
421
412
426
414
410
409
415
423
411
409
410
408
416
409
419
414
426
413
411
419
418
414
408
412
414
414
415
411
414
414
419
416
416
413
416
406
416
410
417
417
411
419
413
414
404
414
510
418
419
410
408
420
411
412
409
410
414
413
418
412
409
413
417
408
413
412
418
412
414
416
414
411
415
422
424
412
410
413
412
412
418
419
409
417
416
411
413
425
421
413
409
409
409
411
422
407
413
422
409
411
431
410
413
413
417
418
417
417
415
422
487
423
422
417
414
408
406
413
426
422
425
415
427
418
416
420
419
415
415
419
411
403
410
417
414
415
417
408
407
426
420
409
410
410
414
404
412
412
419
411
417
422
411
412
421
419
410
414
414
433
406
422
424
419
424
406
411
412
411
419
410
409
409
406
83322
450
442
447
445
440
442
437
440
445
439
439
440
440
449
413
414
420
412
409
422
424
417
410
419
408
411
412
413
418
413
430
412
415
419
420
415
413
410
418
424
410
411
411
412
410
408
448
422
417
413
424
413
418
410
410
407
417
490
420
415
408
415
410
416
412
422
412
415
415
407
413
411
416
416
413
407
425
414
410
415
415
408
425
413
430
409
406
412
415
408
415
411
401
420
418
415
424
420
415
421
423
410
424
422
407
1395
408
414
425
415
417
417
410
424
408
411
419
434
431
498
428
421
429
433
430
423
428
426
426
424
431
429
434
425
427
422
420
425
424
417
415
407
405
423
415
417
415
412
408
407
411
413
413
418
411
412
417
421
416
415
412
418
411
414
411
415
417
411
410
420
408
410
418
419
409
424
407
421
413
419
415
422
408
614
418
415
415
412
406
411
412
415
412
415
418
415
416
409
418
418
423
414
423
415
420
412
419
415
413
415
418
412
412
424
413
409
416
416
412
416
410
409
412
413
411
423
410
417
413
410
417
418
409
415
414
411
419
418
419
413
416
418
414
412
414
418
416
84823
422
424
422
415
412
409
414
413
408
417
414
414
419
414
414
409
412
413
420
422
406
416
407
411
408
423
411
421
410
411
418
416
415
419
415
404
416
409
409
406
419
421
412
418
414
414
427
414
418
423
427
416
416
415
492
410
412
415
417
421
441
422
420
426
420
415
415
424
427
405
412
431
410
413
415
427
422
409
410
422
427
413
422
416
421
413
408
432
419
431
405
406
404
413
412
417
416
411
409
400
411
419
406
416
413
415
414
414
405
407
416
421
427
415
415
410
413
412
503
424
414
428
429
411
422
421
417
412
432
405
406
406
405
408
409
411
409
408
408
413
411
405
419
420
418
411
408
410
414
432
418
408
408
408
409
405
406
413
404
406
402
413
416
405
418
416
414
415
400
407
409
417
407
411
412
409
405
406
413
410
411
415
399
475
417
409
409
417
403
409
405
410
405
408
414
403
406
414
419
416
406
410
416
415
419
404
420
416
410
419
413
413
407
417
414
409
411
399
409
411
412
408
410
405
407
408
411
403
411
401
409
416
414
424
412
414
414
412
415
405
409
416
405
406
419
411
410
408
82320
425
433
431
436
430
438
428
447
419
432
432
426
436
446
406
409
409
411
409
406
415
406
405
417
409
414
415
411
402
405
408
408
414
404
414
409
419
407
415
434
446
443
431
451
438
455
455
446
446
441
438
445
449
445
447
450
459
454
547
456
446
442
439
444
469
459
458
447
438
444
448
448
437
442
441
438
446
437
442
442
440
451
452
454
434
451
451
464
462
437
433
434
441
447
425
426
419
410
413
419
428
412
448
411
403
416
406
408
419
410
420
420
418
424
406
409
417
414
406
412
540
417
423
408
418
419
416
418
513
417
411
1099
416
422
414
424
411
499
411
522
399
397
397
386
396
390
402
394
400
399
392
397
392
390
397
405
395
394
402
392
394
398
396
409
406
395
392
397
397
406
391
400
398
404
397
401
1100
399
413
438
435
488
423
412
406
409
429
419
421
424
425
432
422
420
425
427
423
432
424
419
435
446
416
412
413
420
412
443
408
419
420
419
420
436
414
415
413
407
411
403
405
405
407
410
409
402
437
398
404
408
408
404
402
401
411
408
406
408
407
412
408
400
417
406
402
165309
449
451
440
462
426
439
432
427
438
432
435
430
434
434
431
438
412
402
411
420
497
396
391
400
393
410
396
396
394
391
403
390
396
404
402
397
397
403
397
394
401
392
392
396
388
393
402
393
410
396
393
389
1089
408
536
413
413
417
415
409
415
413
426
425
422
418
413
425
425
413
417
419
415
420
424
412
419
418
416
413
421
420
410
421
428
435
429
409
418
422
423
415
422
423
424
431
419
413
421
422
422
416
424
418
420
417
420
431
408
414
418
427
423
421
431
413
413
489
441
425
418
431
420
420
420
427
422
421
425
412
413
424
424
428
428
417
412
430
426
411
415
435
422
416
414
420
416
418
411
411
414
411
415
418
416
411
415
417
419
410
411
408
408
398
426
417
418
411
419
431
425
419
433
420
423
427
426
428
427
426
418
490
425
425
429
424
423
419
423
423
424
418
418
416
411
434
425
414
418
419
419
418
418
422
416
426
411
413
417
413
446
403
408
412
410
418
412
407
410
411
420
413
408
426
415
429
417
425
417
424
422
431
419
422
434
406
416
419
413
410
417
413
406
406
404
81350
447
443
443
448
445
448
444
443
456
444
449
442
445
450
469
433
420
428
422
420
433
425
422
437
425
426
421
437
416
428
436
427
425
428
416
425
431
427
422
428
427
430
424
424
426
423
419
422
423
417
427
432
435
424
446
430
437
447
433
444
505
439
446
449
458
435
436
446
429
432
433
423
424
419
418
438
429
426
431
434
439
429
425
431
426
428
422
417
435
416
413
411
420
415
421
416
411
410
413
414
414
407
416
403
409
410
409
415
408
404
410
410
409
413
410
413
409
406
404
408
409
414
406
475
416
414
409
413
412
411
407
405
416
400
414
410
405
409
412
411
506
396
394
398
401
396
388
400
402
392
397
397
390
398
396
402
393
392
402
404
399
389
398
401
381
397
386
402
391
393
405
403
399
398
395
396
395
390
393
395
1090
398
412
411
415
416
408
480
414
423
412
411
413
409
404
415
408
408
420
411
414
403
409
414
414
419
419
410
410
427
419
411
410
434
402
416
411
410
410
405
416
417
421
421
413
420
406
413
406
410
407
403
411
409
405
406
415
414
415
410
412
408
409
404
414
411
412
415
413
407
411
410
81217
458
449
441
456
444
442
461
446
408
415
410
406
421
406
413
421
415
415
404
417
404
414
403
412
410
410
413
408
402
420
416
410
412
423
417
423
416
417
449
405
405
408
420
418
405
417
407
410
399
412
407
414
420
410
407
412
415
411
411
419
413
417
407
507
414
411
412
414
417
406
409
433
421
418
404
406
416
412
407
421
403
410
403
410
411
405
415
403
415
404
417
409
420
413
411
404
408
409
409
407
412
402
416
408
404
416
413
418
404
413
411
405
410
407
416
414
414
404
409
410
413
418
413
399
413
407
412
405
483
410
422
416
406
413
405
406
411
415
408
411
404
413
412
415
408
501
396
406
405
393
406
404
392
396
403
403
403
400
401
394
397
399
395
394
402
393
402
400
395
399
394
391
392
404
396
393
411
399
395
398
394
396
394
398
391
388
400
388
405
408
397
403
383
398
487
1064
414
419
415
413
411
417
413
408
419
408
497
400
393
397
392
409
387
393
400
393
393
393
393
402
393
393
387
400
400
396
403
400
393
401
399
398
393
395
393
401
394
396
395
394
400
400
400
394
398
391
408
404
388
401
393
391
398
401
393
404
393
390
398
165332
414
413
407
417
417
423
409
402
411
398
403
405
405
401
492
381
395
388
395
387
399
387
380
388
380
393
395
392
388
395
384
392
394
389
381
387
392
386
384
389
384
398
395
392
392
393
402
396
396
397
394
408
389
408
387
390
403
471
395
388
1084
405
424
436
405
420
409
427
411
401
410
411
411
399
407
409
408
399
402
406
400
401
411
404
406
496
393
390
389
391
399
389
396
389
393
385
383
390
377
392
381
392
400
396
387
396
384
1090
407
405
407
405
405
399
406
402
399
409
406
403
458
403
405
401
401
495
385
391
394
395
385
392
390
389
386
384
400
396
390
1084
403
399
402
411
399
410
407
405
400
405
408
494
400
399
389
388
396
392
388
391
394
378
388
389
394
389
392
389
396
403
388
402
395
390
383
386
384
390
391
394
396
385
396
386
1100
405
403
406
404
403
400
410
412
418
408
432
406
406
504
387
390
384
390
398
402
387
392
400
395
395
396
396
392
391
388
387
388
394
394
390
390
387
395
397
396
394
400
388
393
393
389
397
392
391
390
394
398
395
392
392
390
394
389
389
390
391
391
401
389
393
82281
428
411
413
419
498
1055
428
401
408
410
505
396
391
395
388
394
393
390
390
392
395
384
386
397
394
400
393
1087
404
401
409
396
406
407
410
409
402
404
404
392
410
408
407
408
401
408
409
410
407
405
407
405
400
404
404
406
406
408
400
433
402
416
413
405
406
412
409
420
429
407
407
401
408
406
406
400
405
407
412
401
415
411
414
416
411
426
405
409
419
437
403
404
407
491
392
382
384
394
404
387
388
386
391
384
389
388
385
394
394
396
395
396
385
401
394
392
387
385
392
398
394
392
392
388
385
433
402
399
393
384
405
386
395
393
414
383
392
392
391
386
389
391
1090
406
405
406
411
414
400
403
408
416
410
409
417
419
414
491
393
417
399
401
391
400
391
395
394
389
401
389
389
395
382
389
394
392
389
391
389
394
394
398
393
390
393
384
387
383
389
387
389
551
1090
414
414
417
412
412
409
440
401
401
411
407
400
411
406
405
409
411
397
400
401
412
412
409
407
412
404
409
397
405
418
408
412
404
398
412
405
409
403
401
408
404
404
409
409
404
404
401
409
403
399
400
402
401
418
404
410
405
401
408
401
413
82122
401
389
397
394
393
394
396
389
395
389
385
392
396
391
396
383
392
387
392
393
386
396
395
389
399
389
394
395
396
1085
405
408
406
407
405
411
403
407
408
404
400
407
411
400
410
407
411
411
401
407
399
406
407
403
404
396
401
408
407
494
394
384
475
391
390
382
392
397
395
404
397
394
394
392
376
393
391
394
390
390
400
392
388
394
408
387
391
385
393
395
396
393
395
389
392
396
398
393
387
389
394
389
390
386
394
385
389
383
398
386
388
391
399
1058
402
404
407
417
414
400
404
401
403
400
409
401
408
449
410
403
412
400
492
379
386
397
391
385
390
392
389
391
394
390
386
399
394
396
387
390
383
397
392
391
386
384
393
389
397
389
398
401
392
395
384
389
396
400
383
395
391
1086
404
416
403
405
403
406
400
407
411
404
400
401
415
411
412
401
399
407
410
400
400
442
412
405
405
409
400
405
407
415
403
401
406
412
405
404
399
412
415
409
406
402
401
407
412
402
407
409
500
392
395
380
398
387
382
389
390
391
385
386
386
386
394
392
379
391
388
383
389
393
385
379
393
391
392
387
392
1080
408
404
406
409
403
400
410
410
83541
416
431
407
403
409
403
406
410
403
404
406
406
420
395
401
401
403
412
402
405
405
400
412
409
400
406
414
403
404
411
408
406
411
408
402
399
405
403
405
408
403
410
406
406
407
404
405
400
404
410
411
398
402
407
407
408
407
405
462
426
411
407
417
412
407
414
410
417
415
418
415
417
415
413
412
418
406
409
411
425
401
414
406
403
405
412
412
406
403
400
418
401
401
412
403
495
397
392
391
384
390
399
393
386
400
393
394
397
400
382
391
390
392
391
392
395
385
396
397
392
392
381
392
391
427
396
1068
405
404
412
405
400
404
400
410
403
402
404
414
401
406
413
406
411
405
410
408
406
407
399
409
403
401
408
402
404
414
399
398
500
404
392
405
391
1092
407
405
406
405
409
404
410
404
411
404
411
401
400
406
417
412
408
409
407
404
403
404
465
411
405
404
401
408
412
411
420
423
422
415
417
419
422
407
412
403
402
408
410
394
410
401
400
403
410
405
408
405
401
438
436
416
430
433
425
432
424
430
404
437
527
420
443
393
395
391
391
393
396
380
387
389
388
391
396
394
400
390
393
390
396
389
392
164271
408
407
403
405
405
410
498
396
397
386
390
394
1060
407
406
400
406
403
408
414
404
409
410
402
407
402
401
404
404
410
408
411
414
410
420
417
414
425
403
410
406
405
402
403
405
404
396
403
405
407
402
409
415
405
404
397
407
472
412
404
406
406
405
403
402
408
403
399
414
401
405
409
403
401
408
409
405
408
410
403
398
401
404
405
397
404
405
407
408
418
400
415
421
415
422
405
418
415
406
401
409
410
411
415
416
416
418
416
432
401
414
401
404
401
404
403
412
400
400
411
409
411
461
415
399
404
410
404
487
381
394
386
407
387
389
388
397
388
395
391
405
393
391
401
395
402
398
381
398
389
390
394
390
394
390
395
397
397
394
384
382
391
390
401
389
390
383
388
386
396
393
375
396
394
386
383
395
393
392
397
1062
402
410
401
407
400
405
407
462
403
404
404
410
399
409
409
409
402
407
407
404
400
499
387
388
388
402
393
389
386
395
391
389
1089
401
402
407
402
399
403
400
409
405
497
394
394
393
394
393
392
391
395
394
390
396
386
384
388
389
388
398
393
393
391
391
389
391
387
393
396
394
389
393
82033
406
406
406
404
410
399
404
409
400
407
400
402
399
406
403
406
405
409
405
407
400
408
409
399
405
412
412
400
409
403
405
403
403
401
410
396
406
400
412
410
400
404
413
398
407
410
410
406
399
407
409
404
416
405
406
403
406
411
406
398
406
405
469
414
405
402
407
400
408
402
407
406
403
399
410
403
410
402
406
409
405
412
404
404
404
407
408
411
401
399
405
397
400
408
414
404
400
405
403
406
411
404
411
406
408
405
409
405
410
410
398
400
403
403
406
403
407
409
403
406
401
400
404
404
407
397
404
405
500
412
418
409
402
403
407
412
400
406
399
408
408
403
399
409
408
404
407
407
406
406
401
405
416
411
413
405
404
421
429
419
426
421
434
425
427
428
421
416
415
425
414
421
400
402
404
406
399
404
401
400
412
408
415
420
417
409
415
403
406
417
410
414
412
468
416
431
407
405
407
412
409
396
405
406
406
412
400
403
405
414
401
405
403
400
416
401
416
406
413
402
405
405
412
403
403
413
406
405
397
400
405
401
410
398
415
410
401
415
410
402
407
405
403
408
410
403
397
410
406
395
399
411
402
409
400
406
409
399
82971
414
426
409
403
402
413
421
428
405
404
411
416
408
404
417
405
411
413
408
403
403
410
413
399
405
504
388
394
398
390
387
401
389
394
390
399
387
394
388
391
390
388
386
384
405
382
393
386
390
1134
404
405
406
409
407
401
405
405
401
447
417
408
406
395
401
412
410
405
402
406
410
401
408
403
405
397
406
407
399
406
406
410
401
403
406
407
399
410
402
408
410
404
396
405
409
414
496
386
387
390
380
390
393
388
389
397
391
1075
405
404
410
406
414
408
414
413
412
407
400
411
400
401
403
442
409
408
407
405
403
406
406
412
398
402
410
407
409
399
402
410
403
399
401
399
401
407
404
403
405
403
412
402
399
408
405
409
403
404
406
404
405
410
405
409
410
398
412
401
405
401
399
404
398
410
407
404
400
408
411
407
405
412
403
413
407
407
405
410
413
465
425
410
401
406
412
402
488
398
394
392
386
394
391
395
391
402
400
389
398
387
393
387
394
387
403
387
392
388
390
385
397
392
387
390
399
395
391
401
395
389
389
388
395
377
1054
401
400
408
405
414
413
398
407
405
405
403
404
406
402
406
404
406
405
399
148105
410
401
406
402
408
404
401
397
405
412
410
396
412
404
405
402
407
406
412
413
404
402
404
411
399
402
412
402
397
403
410
406
406
453
410
401
400
410
405
402
403
409
406
406
406
405
411
404
406
418
403
417
395
403
399
405
405
401
409
410
409
404
403
402
405
403
503
394
390
400
387
382
394
388
391
392
398
399
390
405
396
391
397
399
394
388
381
392
392
387
390
394
385
389
383
391
391
401
400
434
401
1074
396
410
405
405
414
407
397
407
399
407
402
404
405
403
410
408
404
410
401
401
406
396
410
411
408
401
403
405
402
408
399
406
402
403
405
408
406
406
402
404
405
405
404
398
405
404
400
399
405
404
408
402
400
403
406
405
400
401
412
406
395
405
455
401
399
405
402
406
401
399
407
410
408
403
392
407
408
418
431
405
407
407
407
502
389
383
382
1089
403
404
408
402
399
405
440
410
419
435
418
422
426
431
404
407
401
397
400
405
401
404
403
405
407
408
399
406
404
409
416
403
404
409
504
403
384
109502
418
407
404
409
403
404
409
398
406
403
407
405
400
413
403
400
401
405
400
405
401
409
408
399
402
405
400
407
406
404
409
401
401
416
412
403
399
414
404
402
402
407
412
404
412
402
402
403
409
408
408
409
404
405
407
410
401
404
401
403
401
449
410
406
399
410
405
407
405
409
409
410
398
401
402
402
404
416
407
408
404
396
403
408
397
409
410
410
412
406
405
410
404
403
404
404
419
410
405
409
399
415
410
412
403
406
408
402
406
408
410
497
396
390
393
391
394
397
399
388
394
389
397
389
388
388
390
443
404
1125
398
399
407
405
406
400
416
408
399
402
407
409
402
400
409
402
396
401
411
411
401
404
408
409
405
398
405
405
396
411
405
410
407
496
414
426
411
429
422
420
420
420
386
390
404
385
388
386
389
383
398
392
390
386
397
386
386
395
396
392
394
391
450
1089
404
403
401
402
400
406
412
400
401
413
410
408
407
407
404
393
399
410
408
415
399
406
404
410
405
411
409
402
403
403
406
394
413
399
398
401
410
406
407
406
405
405
407
403
405
395
402
406
398
383
423
409
402
406
410
403
405
408
403
398
401
409
81293
404
409
402
407
401
406
397
416
408
404
409
401
414
406
407
398
404
407
408
407
401
401
407
400
416
410
405
399
401
405
406
410
399
399
406
399
406
408
411
405
401
409
407
397
404
402
403
408
407
401
405
399
410
409
411
403
409
407
403
400
395
405
406
400
451
415
404
403
409
494
388
388
389
395
393
407
386
393
393
394
394
394
393
394
394
394
397
388
379
397
391
395
396
394
394
394
395
395
397
387
390
389
397
391
397
402
391
393
388
393
394
395
396
395
409
396
397
406
399
403
407
392
399
407
406
393
396
397
392
403
1114
409
418
407
419
412
409
400
406
397
403
408
403
403
403
408
406
399
404
401
404
410
485
382
392
425
411
414
418
419
418
421
418
425
425
429
419
435
391
394
397
394
394
391
392
384
393
392
391
397
383
393
383
394
389
394
395
395
390
383
390
392
401
384
389
389
451
1118
404
403
405
402
408
404
401
409
407
401
409
403
406
406
403
411
403
401
404
407
412
400
411
412
407
415
410
406
403
404
398
407
412
407
405
406
404
400
413
410
412
404
406
413
400
412
404
406
404
402
414
407
405
408
410
420
403
409
405
404
401
408
81537
419
424
424
436
401
405
417
484
388
391
389
396
388
382
394
385
403
395
392
397
388
392
395
390
389
396
397
387
388
384
386
391
394
385
390
396
392
388
391
393
387
398
380
396
1124
405
412
401
413
405
398
408
403
403
404
401
410
405
400
401
402
408
405
478
411
394
407
403
407
410
406
405
408
404
404
403
400
406
402
403
402
407
406
418
406
403
405
407
421
412
398
405
406
406
398
412
410
410
406
409
417
405
403
410
401
404
405
405
412
402
406
401
416
399
405
402
402
404
408
391
402
409
401
410
405
412
405
398
439
413
403
403
403
407
402
404
407
406
405
407
405
413
409
401
412
401
412
410
403
405
409
404
406
405
500
386
385
393
400
400
385
388
388
384
391
394
391
391
392
395
392
383
391
379
391
394
391
390
380
397
383
392
389
392
389
396
385
400
391
383
1122
402
401
460
417
403
403
400
406
420
403
401
411
408
411
409
405
408
409
406
405
405
408
407
400
414
403
401
400
399
403
400
405
435
407
406
402
400
403
408
404
398
401
408
404
403
414
402
409
402
401
411
407
408
398
404
409
397
404
410
412
397
403
404
412
409
400
401
405
162849
405
413
404
410
403
407
409
402
395
405
408
407
409
406
410
406
413
408
403
406
404
412
412
409
405
406
401
411
406
406
403
403
407
409
401
406
401
410
412
411
403
406
410
406
398
406
406
404
402
406
404
399
403
407
402
396
407
402
404
401
411
406
457
416
401
405
403
408
402
407
406
408
403
401
409
430
410
493
397
403
390
400
388
388
391
392
390
396
377
399
401
396
409
392
402
413
391
395
392
405
404
398
404
413
405
411
400
410
411
407
392
399
384
398
398
394
391
394
390
396
402
385
402
386
392
390
396
391
390
437
1119
401
407
408
416
405
402
409
411
402
401
400
411
411
403
400
405
408
404
401
401
409
404
401
406
398
415
503
383
387
391
396
394
393
393
394
382
397
387
387
1078
401
405
407
401
405
407
407
406
406
409
405
405
409
405
404
401
402
400
406
406
404
464
402
404
406
410
403
410
412
411
399
402
409
409
405
420
410
428
414
405
407
405
409
402
491
398
395
386
392
400
397
392
386
385
388
385
385
390
393
392
397
393
393
394
394
385
390
399
383
386
391
400
389
394
397
397
392
398
387
393
391
399
391
382
389
1091
84957
416
420
412
414
424
419
413
407
409
409
413
419
484
1089
410
403
407
403
409
411
410
403
418
406
405
407
485
392
390
391
390
385
390
392
391
387
390
393
389
384
384
398
1056
410
396
399
405
412
405
394
397
404
472
403
418
415
411
405
407
413
411
408
410
408
417
416
413
416
428
412
419
419
411
413
414
415
409
422
420
411
433
407
400
409
413
407
394
405
405
408
405
402
404
409
400
403
405
415
408
401
417
400
405
401
401
409
405
408
400
406
401
398
408
403
403
403
405
458
411
423
411
427
414
413
418
402
414
408
408
416
421
422
409
408
423
408
423
401
412
418
419
410
499
403
398
403
395
404
391
395
394
399
399
391
409
398
392
397
398
393
388
398
392
399
402
394
400
1073
416
413
412
412
404
416
420
410
409
412
410
421
476
421
521
1171
408
411
452
410
418
409
404
405
401
401
409
407
400
408
405
415
400
403
403
403
409
413
404
411
402
407
402
411
406
406
413
412
414
408
410
417
408
515
388
397
394
400
401
394
391
395
395
393
397
385
405
393
393
398
396
396
398
392
404
385
82272
414
413
400
406
406
405
405
412
415
404
405
404
404
408
405
405
404
402
404
405
405
416
407
419
415
413
414
410
416
429
401
407
403
406
414
409
403
410
407
407
405
411
403
406
405
407
414
407
403
406
409
399
408
410
402
406
401
415
411
407
401
407
480
407
415
414
417
413
420
415
413
410
415
406
408
412
413
416
413
413
419
419
419
412
420
423
415
412
405
405
409
408
415
417
409
496
402
393
387
394
404
388
398
403
395
403
395
394
403
393
399
400
1070
418
408
421
416
415
411
412
408
415
417
414
419
451
412
407
410
423
410
406
412
421
415
421
417
415
415
407
418
408
406
409
407
412
417
419
409
412
412
407
419
423
414
410
420
417
414
411
419
409
408
411
404
410
412
410
415
405
416
421
415
408
414
412
419
415
410
419
415
411
410
416
415
407
406
415
414
511
419
416
417
410
405
408
406
411
408
404
408
417
417
400
420
413
416
408
418
411
408
407
413
407
406
406
412
412
412
421
417
419
412
419
413
416
413
423
415
417
415
412
408
408
406
409
410
411
408
403
412
417
408
411
412
412
402
410
419
412
412
415
421
411
82669
449
432
441
425
441
415
421
417
411
412
440
407
404
410
399
410
410
408
405
404
412
404
408
406
403
409
403
411
408
416
404
406
405
406
401
407
413
400
401
407
404
400
408
404
403
405
409
406
407
410
402
415
408
415
412
418
421
412
414
409
467
414
408
426
408
411
411
417
412
414
407
409
409
417
412
410
404
407
429
407
402
410
403
410
396
412
405
410
403
408
411
403
410
400
407
402
403
417
402
405
404
406
402
401
401
401
410
408
404
401
406
403
400
400
404
407
410
411
416
410
404
408
403
409
406
407
451
407
405
409
415
408
408
418
419
420
413
421
414
407
425
412
405
408
429
412
425
428
398
401
405
403
408
406
405
398
404
405
409
408
408
408
405
403
406
396
399
406
399
407
403
407
405
416
416
409
403
407
405
411
403
401
413
407
400
414
399
403
403
403
402
440
407
412
424
408
411
419
411
418
412
408
418
411
416
417
417
411
416
408
423
414
412
411
416
410
431
405
402
402
398
409
401
406
414
406
507
392
387
391
394
394
396
392
410
385
395
385
386
396
393
396
392
391
386
397
391
398
397
394
387
389
395
389
398
390
384
164785
447
430
433
438
440
431
438
438
430
435
418
416
412
411
419
417
423
419
423
416
422
417
424
416
425
416
422
416
416
418
423
416
425
417
416
402
419
417
419
421
420
405
423
403
415
416
417
406
416
418
425
411
421
419
411
510
418
420
417
425
422
417
417
417
421
402
426
412
413
416
411
414
424
419
411
407
421
414
410
411
422
411
421
419
422
422
418
404
418
419
421
422
419
417
421
418
418
416
419
420
419
417
425
419
419
418
425
412
424
424
422
410
414
418
419
417
413
418
422
467
423
413
421
417
417
415
422
418
415
417
423
422
418
410
413
416
421
422
419
421
407
418
420
429
417
419
422
418
425
418
415
419
419
421
418
414
418
418
418
419
412
418
411
419
420
419
420
423
419
405
415
418
419
419
422
421
419
421
422
425
412
422
422
490
414
410
417
413
416
414
420
421
423
417
410
415
417
407
402
419
422
414
417
412
422
419
416
419
404
421
420
422
416
417
419
407
418
421
399
415
416
410
410
419
420
419
419
413
411
419
422
419
423
423
416
422
426
416
426
420
430
422
426
424
414
424
417
83361
428
435
436
443
432
435
435
440
440
433
441
433
443
439
434
440
410
417
417
421
417
422
414
419
418
410
422
423
417
422
417
425
407
416
412
422
411
424
415
411
418
415
412
422
422
404
417
409
422
421
417
407
419
429
416
418
420
494
411
407
420
407
409
417
422
410
402
418
421
418
413
413
420
413
424
419
422
418
410
419
426
414
410
416
416
419
418
421
417
415
425
416
418
417
419
416
414
418
425
403
401
412
420
418
415
411
414
426
414
410
424
421
420
423
412
413
410
419
422
424
414
486
408
418
417
418
426
418
419
421
401
417
411
403
422
416
407
415
420
419
411
421
411
413
409
421
421
417
419
420
426
417
422
419
418
421
415
428
421
424
417
418
405
422
418
422
418
408
407
426
425
406
402
417
423
408
418
423
417
403
412
411
431
421
421
497
411
423
421
419
422
419
419
412
425
417
417
424
417
419
410
415
409
417
418
414
432
414
422
406
416
418
402
423
413
423
404
415
422
416
420
411
421
432
404
422
415
417
403
421
419
410
419
410
414
420
401
408
425
418
414
420
422
409
419
422
417
418
422
81201
432
438
441
440
436
435
442
437
436
437
443
431
437
446
415
414
430
407
417
419
413
422
418
405
423
417
418
413
411
421
423
429
406
417
418
421
424
422
413
407
419
416
423
418
426
422
424
422
418
417
421
406
412
414
423
414
418
418
423
425
419
472
440
415
421
422
415
417
416
416
419
429
429
414
421
415
416
420
420
408
412
411
416
408
423
422
411
420
408
419
419
416
423
415
415
417
404
409
419
414
411
414
416
403
407
414
413
419
414
419
416
414
415
408
413
409
418
409
421
414
414
414
415
417
419
410
483
414
421
416
425
415
425
402
419
407
422
420
421
416
429
407
420
417
414
409
430
406
416
409
406
408
412
417
412
420
412
419
415
411
409
417
425
412
411
421
410
417
416
415
416
414
420
408
415
422
415
414
415
412
408
408
415
414
418
416
415
419
415
411
478
406
415
425
418
418
419
420
419
418
407
420
415
408
416
415
428
405
407
409
422
412
420
412
415
419
410
415
414
410
413
414
420
426
408
419
412
412
419
414
415
418
411
412
421
406
406
418
406
408
414
420
410
412
418
410
417
406
413
422
414
413
415
414
190440
432
404
402
418
414
410
408
430
402
396
397
389
391
395
394
405
401
389
409
405
394
397
393
394
392
392
395
397
392
386
393
399
1064
410
423
420
407
418
406
419
417
408
411
419
412
414
411
419
412
408
412
415
408
408
410
424
406
412
409
457
415
412
406
419
415
419
409
412
409
415
421
414
499
402
391
401
394
393
397
396
392
391
399
387
396
387
403
398
396
401
404
395
395
390
400
402
398
404
396
393
1066
408
408
422
411
417
420
408
402
408
421
419
416
412
417
418
412
419
414
421
409
406
411
473
415
410
425
406
420
409
418
413
412
408
411
414
410
422
409
412
425
408
410
410
411
416
401
411
414
418
420
410
418
514
395
393
408
393
393
390
398
404
396
408
391
390
406
399
397
393
398
400
393
398
389
391
397
393
397
1073
415
413
421
426
401
408
442
410
410
404
406
400
403
405
400
405
405
410
400
403
402
409
404
412
407
415
406
403
401
407
412
400
401
407
403
401
504
387
390
393
383
388
388
390
397
384
384
398
379
393
389
391
390
386
391
387
392
394
393
385
391
388
400
393
390
387
389
391
393
401
388
394
384
81463
449
425
440
452
418
421
421
425
426
414
421
433
427
428
405
447
409
401
409
403
399
407
405
407
402
404
410
410
404
405
403
409
404
402
405
399
400
404
406
411
405
407
406
409
407
399
411
407
404
401
412
406
408
403
400
407
412
399
401
409
408
416
416
460
408
410
410
415
419
431
403
399
402
404
407
409
400
404
407
400
406
411
416
399
408
406
402
404
410
400
401
405
400
409
407
404
403
401
413
404
402
416
403
410
409
409
405
406
406
405
401
410
406
407
409
400
406
409
409
405
415
403
404
410
409
407
403
404
409
475
411
413
406
412
414
415
412
414
413
406
426
412
400
405
403
406
404
406
405
412
405
398
398
400
406
410
397
491
394
390
400
393
386
385
389
396
399
386
399
387
405
1055
407
402
404
408
408
403
400
402
408
423
399
399
406
408
400
407
406
400
407
407
409
451
410
407
423
404
496
386
390
391
398
387
393
393
396
423
394
392
389
388
390
392
386
388
394
394
391
388
395
403
389
399
383
396
389
390
387
396
378
394
396
399
389
397
391
390
388
396
379
382
399
379
392
393
391
385
396
397
1065
403
405
408
398
406
414
411
407
42570
408
401
395
407
410
409
404
408
406
407
407
401
408
418
406
398
404
407
406
399
409
409
407
400
407
403
404
459
410
406
406
494
395
392
390
1058
404
403
407
403
397
406
406
408
405
508
395
395
388
394
388
388
387
390
391
390
393
386
392
389
383
397
391
390
384
390
390
1047
406
401
401
405
405
398
405
412
411
405
500
391
384
398
389
399
386
394
390
396
387
393
425
401
399
403
389
394
391
390
395
390
383
389
388
381
397
390
389
381
388
384
392
384
394
394
401
395
397
397
400
390
401
391
391
399
388
397
390
401
388
392
392
398
389
393
393
388
389
399
388
395
387
391
385
388
394
400
387
400
396
392
395
391
396
391
397
391
399
388
442
407
393
381
399
391
393
401
391
389
393
389
394
391
395
388
392
389
390
399
390
390
388
386
388
382
398
393
394
389
401
394
390
396
391
396
391
396
386
389
381
388
399
389
396
391
396
393
395
396
398
389
388
396
391
388
387
390
764
404
415
403
406
402
396
411
406
109619
438
436
449
422
420
419
422
411
427
400
405
408
403
405
412
406
400
400
400
404
403
400
416
408
407
409
400
406
413
410
404
400
414
400
400
409
405
401
401
404
406
410
403
410
401
410
399
405
496
388
389
383
389
398
390
388
386
384
386
393
391
439
400
389
391
398
395
397
389
395
391
382
392
395
391
396
388
394
388
397
391
397
401
1047
402
406
407
405
406
408
414
404
398
407
498
389
390
395
385
394
399
393
393
391
387
395
395
389
393
386
392
387
402
390
393
389
396
390
383
395
390
389
390
1085
404
463
407
400
409
404
394
407
404
406
396
404
407
405
401
405
406
399
410
409
411
403
410
409
408
401
406
400
407
400
403
407
409
407
407
397
400
409
412
409
400
405
400
406
402
411
406
412
409
403
405
411
399
410
418
408
399
407
405
409
408
402
409
407
404
406
454
428
405
407
409
491
394
392
399
394
396
388
384
392
400
394
403
390
386
399
389
381
393
394
394
386
397
383
383
396
399
398
403
399
386
394
385
393
389
397
389
385
1058
405
403
406
410
402
403
403
413
405
406
405
407
399
407
405
416
409
403
413
406
406
407
109589
443
437
423
425
426
431
423
407
432
416
433
423
431
397
405
410
413
402
401
404
407
400
415
410
407
411
416
410
404
487
388
390
382
398
384
395
392
397
391
397
391
391
392
387
393
395
398
389
393
399
396
1065
401
405
403
406
406
405
415
447
410
403
402
410
410
408
406
410
400
403
412
410
397
401
400
401
402
405
405
406
408
412
399
406
409
412
412
400
404
407
403
400
403
407
408
401
410
412
411
408
401
412
401
415
412
406
410
402
401
403
405
406
411
405
413
407
407
403
400
400
412
406
412
408
403
471
407
406
401
398
405
407
408
399
408
408
407
404
411
413
403
410
401
415
404
413
408
406
401
410
403
408
403
409
405
410
398
403
399
401
405
408
406
399
406
406
410
403
410
408
408
407
399
410
408
407
409
405
410
409
403
405
400
410
408
407
403
401
408
402
403
475
406
405
412
403
415
499
395
389
399
394
391
394
393
390
395
384
393
394
393
388
393
394
400
394
394
395
391
395
389
393
384
388
386
396
389
392
392
396
391
397
395
389
395
397
390
1066
408
405
407
406
400
397
406
406
398
511
397
388
396
393
396
394
391
395
82118
432
430
423
434
422
424
444
404
403
409
410
407
402
416
403
407
409
404
401
402
410
402
406
410
406
404
410
406
402
402
405
402
416
490
388
394
376
386
385
394
390
387
391
394
394
398
385
398
390
395
394
391
406
386
399
385
396
386
389
388
382
399
389
433
1090
385
412
411
406
400
406
416
407
399
413
410
404
406
408
403
413
409
412
401
409
401
406
400
414
402
406
406
413
400
402
404
403
411
410
401
400
405
486
390
390
392
401
387
402
393
399
391
394
388
375
393
390
397
390
386
398
385
386
378
391
384
405
430
397
1092
403
406
400
410
406
408
410
406
398
401
405
406
411
411
400
403
403
405
406
409
410
408
405
407
406
409
409
405
403
408
408
401
405
412
398
403
406
403
400
401
405
410
401
404
410
409
411
401
406
404
409
403
407
407
409
400
404
407
402
400
416
457
422
415
406
402
401
404
419
408
407
407
407
405
400
401
406
410
403
408
407
409
405
408
407
403
403
402
404
407
403
401
406
409
405
405
404
409
401
402
406
407
401
407
403
402
406
401
406
403
403
409
413
404
396
399
389
400
409
405
405
405
401
405
400
409
402
162010
444
426
429
422
424
526
421
420
420
428
420
429
410
418
413
413
405
388
395
387
402
385
391
389
395
407
393
389
391
388
394
395
384
385
385
390
391
393
395
393
391
395
392
395
392
386
388
381
392
391
386
393
393
390
386
390
387
393
392
388
391
1057
411
400
461
402
405
411
404
399
406
410
494
390
395
393
396
389
398
390
393
390
383
389
389
391
390
397
389
391
397
394
392
388
387
1085
408
401
416
404
406
407
400
405
407
401
402
405
402
400
403
405
494
394
395
389
394
394
396
398
390
382
394
394
403
387
400
396
436
413
1068
406
399
401
409
396
403
406
404
406
487
387
396
394
390
391
391
392
396
394
400
395
389
391
395
393
394
394
395
389
396
390
387
391
399
391
396
387
396
390
391
393
397
392
397
390
394
390
395
400
395
381
397
394
390
398
385
392
394
406
388
392
387
407
447
1074
407
409
406
397
402
401
400
407
404
402
399
404
401
405
404
405
403
400
416
402
416
399
403
401
413
406
398
403
406
405
404
406
408
414
403
407
408
409
406
411
402
404
407
409
404
406
410
408
402
406
413
404
409
402
404
410
409
406
403
407
405
407
84583
429
425
512
410
428
420
414
413
415
410
414
428
410
419
430
390
391
387
387
389
391
396
399
392
390
397
384
393
401
392
384
385
388
392
395
393
388
388
397
391
389
389
1062
402
408
411
415
412
401
402
403
409
400
489
389
448
384
392
396
399
390
390
392
398
391
394
387
396
394
394
392
400
394
394
385
389
387
399
389
397
386
397
393
1077
410
405
402
404
411
406
405
406
408
406
406
497
395
1057
406
399
411
407
408
399
405
409
402
403
408
407
497
1060
400
398
411
401
451
420
413
405
507
393
379
394
382
396
393
391
392
397
398
396
394
392
395
393
399
407
388
389
389
398
385
389
393
377
400
390
392
393
394
396
388
390
393
391
391
388
400
393
397
388
388
392
389
400
386
399
378
391
388
389
397
397
391
395
390
394
396
389
381
391
394
397
1113
408
404
404
402
403
400
401
396
405
408
407
500
398
393
399
406
388
394
379
386
390
388
397
391
399
390
393
388
393
388
399
394
390
390
387
391
392
388
393
386
393
389
400
390
390
389
395
392
397
385
392
394
395
400
396
396
393
388
400
392
387
392
389
391
387
81980
426
427
413
415
409
514
420
421
420
413
415
409
425
418
398
390
393
393
399
391
392
393
394
384
387
392
399
395
397
397
399
391
400
393
397
391
398
389
1089
401
404
399
397
403
406
408
401
408
497
400
395
382
394
389
392
391
391
390
389
393
395
441
1055
407
407
401
407
398
415
407
401
405
504
385
397
401
1061
412
405
406
407
403
400
410
400
409
407
406
505
395
396
393
398
393
387
395
386
402
393
391
393
389
390
384
390
382
398
384
399
390
395
392
392
394
392
395
394
399
389
398
384
388
393
393
431
392
407
395
384
388
384
394
393
394
401
395
389
400
390
392
393
381
388
393
396
393
390
389
386
392
382
1095
396
405
406
412
402
402
410
400
403
398
404
401
396
409
405
405
407
404
400
401
404
408
405
406
412
410
405
400
406
404
406
400
403
404
400
408
407
471
420
406
406
408
406
404
505
389
395
395
401
406
387
398
392
394
1092
403
401
406
403
406
407
399
401
406
411
499
387
391
397
387
399
396
395
394
396
388
388
395
407
390
397
387
399
396
1084
408
409
406
401
410
408
399
406
410
415
403
408
498
189393
439
428
432
419
429
416
425
424
431
421
400
410
405
409
401
406
416
402
409
403
405
407
408
401
409
407
404
405
406
406
412
406
404
406
404
409
399
403
411
401
403
406
408
402
405
409
402
409
402
404
405
408
402
406
390
398
401
402
403
410
401
403
402
398
458
413
404
401
410
410
401
405
411
405
410
403
408
411
411
409
401
407
405
406
415
410
400
405
416
402
400
405
411
403
403
400
403
405
406
406
494
387
386
390
395
392
388
1060
396
407
411
405
404
483
398
400
395
396
399
389
396
392
396
391
399
389
382
395
386
443
1094
403
406
407
409
403
398
410
407
395
403
409
414
433
405
405
490
397
390
389
394
419
394
392
392
384
394
399
394
396
390
389
386
399
393
389
396
390
387
399
393
401
403
1082
402
399
408
410
401
396
407
402
407
402
406
408
407
403
406
404
407
455
414
401
408
408
417
412
405
418
415
416
416
411
417
416
513
392
393
396
412
397
391
391
1064
407
412
406
403
406
410
406
401
402
401
410
486
390
383
387
392
391
391
388
389
391
395
394
401
388
396
396
393
395
389
391
392
385
1092
404
401
396
401
408
82235
422
422
418
428
420
417
409
410
416
421
422
425
427
419
396
396
1076
399
400
405
403
403
402
405
411
406
409
497
393
393
399
406
390
391
388
383
391
391
388
389
406
386
396
383
1055
396
402
414
407
406
405
401
399
406
406
400
409
409
410
482
408
410
409
502
397
399
384
391
397
391
391
393
396
401
396
398
396
382
401
389
398
395
393
396
389
392
398
394
401
395
399
396
388
387
387
388
388
388
400
389
388
388
388
390
383
391
386
397
394
401
397
394
381
397
397
403
387
394
387
402
395
387
1052
406
406
462
404
410
404
404
406
400
409
493
381
388
394
401
393
388
388
387
389
387
401
384
393
388
396
388
396
395
393
392
392
393
390
398
383
397
385
391
389
389
398
390
396
387
396
394
385
396
388
390
388
394
387
389
1093
404
406
401
414
407
405
406
400
401
402
407
459
406
399
399
401
413
405
405
405
409
399
