407
396
411
400
395
407
404
398
398
400
405
406
402
407
407
398
398
405
401
410
408
399
401
410
403
393
405
404
408
402
401
392
403
395
409
408
411
408
404
403
404
399
401
412
397
502
411
407
407
407
410
405
404
429
399
402
398
400
408
409
403
400
393
399
403
407
404
401
403
400
401
397
408
394
404
402
397
396
399
408
405
404
403
399
406
405
405
398
407
402
403
402
405
395
401
402
404
396
411
406
398
399
403
400
412
402
406
395
408
408
408
467
404
413
407
399
403
405
407
411
408
407
410
410
404
412
400
408
412
410
409
408
425
400
411
410
398
399
403
412
409
413
408
409
416
411
407
422
398
398
405
410
401
404
403
403
403
403
405
395
402
412
407
399
405
414
405
397
399
400
403
402
415
413
397
396
480
415
411
414
407
410
413
411
411
411
408
409
404
402
424
397
411
399
405
406
405
390
398
404
406
399
412
414
406
406
404
405
402
405
406
407
398
397
408
410
401
409
404
410
411
404
407
408
403
408
407
410
408
408
408
408
409
409
410
408
406
419
400
400
420
407
143397
414
413
408
407
497
414
386
380
389
387
382
385
382
391
387
1044
404
410
412
413
422
408
416
418
407
420
408
411
410
410
524
395
412
391
398
380
393
398
389
386
387
396
450
396
1092
422
399
412
398
398
411
399
407
406
394
401
403
403
410
400
404
405
397
406
398
400
399
401
401
403
397
400
407
401
401
413
386
406
405
404
491
385
391
395
389
389
392
394
1087
400
409
397
407
402
403
414
397
407
399
409
405
399
406
403
402
465
415
404
404
407
399
405
402
501
386
386
391
386
396
389
398
381
390
387
386
386
391
389
382
398
394
388
384
397
387
390
390
393
389
389
389
390
398
1050
403
413
397
394
402
400
404
401
398
411
400
414
409
398
403
396
399
400
395
407
400
406
399
401
399
403
645
425
431
434
415
413
432
429
420
429
417
409
429
427
425
423
526
426
392
382
373
384
391
392
384
379
397
394
394
387
389
391
394
380
396
390
390
402
374
385
396
387
389
386
389
388
382
389
390
395
1062
408
405
399
412
409
399
405
405
403
405
399
405
404
56230
409
427
402
398
409
400
399
400
405
401
397
410
398
401
407
409
414
395
401
401
394
403
398
398
394
400
401
408
404
402
407
404
405
397
403
396
405
398
410
405
395
395
400
397
408
407
403
405
407
402
413
397
406
397
405
402
405
394
406
405
445
408
405
410
403
405
403
408
407
404
411
412
409
402
400
410
412
408
401
409
409
407
402
428
406
408
402
407
402
436
404
403
403
407
410
415
403
406
405
408
412
436
411
402
400
404
404
433
395
407
403
404
394
400
409
395
413
396
403
405
402
408
406
411
404
399
451
397
408
407
409
412
401
407
401
407
409
436
399
408
407
402
400
398
409
398
408
398
404
406
419
402
401
411
402
404
399
398
402
410
398
402
403
406
400
403
399
402
407
400
400
402
400
405
406
406
406
403
398
405
407
397
406
412
400
402
409
405
405
400
404
409
647
419
412
413
413
411
395
408
410
430
407
404
404
400
407
403
400
407
408
407
401
394
411
406
394
401
391
402
403
400
404
405
403
403
397
406
409
403
399
406
400
404
405
402
404
398
405
394
398
401
399
405
395
403
397
417
404
420
402
406
410
405
402
403
417
161802
434
431
433
394
402
398
394
413
393
401
398
399
398
410
401
405
401
401
399
402
413
400
403
406
405
395
403
399
399
400
409
403
402
401
403
402
407
394
406
411
400
406
399
400
406
400
402
410
407
406
400
397
492
382
394
395
375
373
373
383
389
383
394
389
1135
409
402
399
401
399
415
409
415
397
398
400
415
398
410
403
400
402
425
406
408
412
402
408
416
405
408
406
408
405
410
409
417
409
418
419
411
414
415
411
409
405
406
405
407
408
409
409
403
400
402
402
411
405
410
398
403
397
406
398
405
399
400
407
409
411
476
404
403
406
402
400
394
408
403
406
406
396
401
401
406
399
399
412
412
409
395
412
407
411
405
399
400
404
401
410
402
398
404
403
408
403
395
400
406
401
407
398
399
400
400
400
401
400
395
407
390
397
407
400
404
400
406
405
400
398
411
404
408
399
411
408
107990
1110
402
403
406
401
402
401
404
409
408
405
398
484
400
390
398
385
395
394
391
389
389
390
398
390
388
383
393
385
402
385
402
385
393
393
394
388
373
386
396
393
393
392
398
387
384
388
379
392
384
1057
406
391
400
404
401
407
401
406
402
401
403
449
406
402
403
397
402
403
401
404
404
407
404
401
412
405
400
407
404
395
494
390
396
395
394
386
398
389
392
390
390
395
396
392
392
396
387
398
387
390
382
387
389
374
379
391
383
397
378
373
373
373
385
399
394
383
390
386
388
391
387
392
391
390
390
393
391
397
822
406
404
402
404
401
409
404
407
404
400
397
417
398
402
402
506
391
381
383
392
387
397
384
378
390
389
395
382
378
394
395
386
389
379
384
386
386
373
387
392
387
386
385
392
387
391
385
395
392
396
393
391
391
389
389
394
387
391
392
393
394
389
389
392
385
393
387
443
395
1098
408
400
400
404
399
399
398
408
405
399
405
400
401
407
400
406
402
401
394
399
401
403
407
394
391
400
487
392
386
391
379
394
394
392
395
391
389
386
384
386
388
392
386
375
392
382
391
396
392
386
395
389
386
387
399
390
392
383
393
391
396
382
427
400
1094
397
399
405
399
396
401
402
402
406
402
415
397
404
495
386
390
386
391
384
401
393
392
397
391
383
393
398
390
390
375
389
383
398
395
382
391
392
386
396
379
386
395
386
392
393
389
383
392
388
390
388
382
395
388
388
383
387
392
392
390
391
386
373
380
450
1089
408
414
400
395
398
403
405
399
410
400
411
399
398
404
397
495
380
395
393
1085
407
397
404
411
401
403
482
389
373
374
393
393
390
392
390
392
392
379
391
387
393
377
379
391
381
380
385
384
392
394
382
394
384
392
389
392
389
374
393
394
389
419
394
1064
402
413
405
397
399
404
403
401
404
502
393
391
391
391
1083
405
398
397
412
405
400
406
395
404
404
504
389
395
391
395
387
394
385
394
382
385
389
393
385
391
392
397
386
387
379
387
387
392
391
400
385
390
385
393
395
388
385
393
394
387
396
108003
425
438
425
432
431
426
446
430
405
405
419
406
410
413
412
404
417
400
399
403
393
399
391
401
408
402
402
401
412
409
408
396
406
407
411
398
399
411
397
399
405
397
402
411
407
393
399
408
408
395
410
407
401
404
403
398
400
415
409
402
394
406
405
407
471
420
397
410
406
403
397
397
409
401
401
397
403
403
394
408
404
400
399
401
406
402
405
406
405
406
404
408
408
404
401
400
400
399
400
402
398
400
407
400
398
404
402
381
400
402
403
399
406
409
397
399
398
402
403
401
397
397
405
402
399
408
409
403
394
405
400
502
408
399
399
402
403
404
403
406
409
399
412
417
405
403
399
408
404
413
408
402
406
410
421
403
397
399
409
402
399
414
402
398
400
406
410
401
404
408
410
398
400
408
408
396
380
394
400
400
404
410
407
415
399
403
403
398
413
406
410
403
401
408
399
398
405
108012
1074
419
427
420
421
436
435
425
434
434
520
429
395
391
385
407
395
396
382
382
377
378
393
391
383
393
387
395
393
394
394
396
388
391
385
390
1052
400
400
404
411
401
401
414
398
407
396
487
385
385
391
391
385
386
385
388
382
390
396
392
390
384
651
1060
406
402
407
403
407
399
403
394
401
407
405
411
402
402
395
401
411
402
403
394
407
404
403
406
397
416
397
414
404
404
396
400
407
398
406
488
387
381
391
383
393
389
382
399
381
386
384
383
398
389
391
391
390
385
390
389
397
386
377
385
393
392
426
402
1062
425
402
397
408
403
402
394
404
408
401
393
400
399
398
406
400
402
402
416
406
397
408
402
403
403
401
392
398
405
404
404
402
409
400
401
402
400
402
402
401
399
410
415
414
409
395
399
406
400
402
500
388
394
386
389
390
394
393
391
391
394
395
449
396
1060
426
394
409
402
394
401
403
405
401
407
405
399
405
397
400
402
401
399
403
403
400
403
401
405
399
400
395
401
397
400
407
399
403
395
403
408
399
493
391
396
390
385
387
401
386
383
382
381
387
394
389
391
391
396
390
392
384
391
391
394
389
378
81109
421
425
426
446
417
423
412
415
403
385
390
386
396
391
396
378
390
390
389
381
374
373
386
394
391
393
383
395
388
388
391
387
390
399
383
396
390
394
378
373
373
373
388
384
388
392
382
391
391
388
390
396
391
394
1079
410
401
408
400
397
401
409
406
403
399
437
408
396
401
415
399
495
392
391
393
390
398
387
392
386
391
376
373
373
390
391
391
376
373
373
373
373
373
394
389
396
373
373
378
393
396
384
378
386
381
391
389
388
399
388
397
389
395
387
396
388
393
394
389
396
395
384
390
389
386
387
394
388
391
389
386
383
396
393
1121
408
407
414
407
403
410
404
407
428
405
396
488
391
1085
411
398
418
402
408
396
406
403
406
404
411
400
399
403
409
398
492
396
392
387
381
1061
415
409
418
414
412
411
413
408
404
500
387
397
390
382
387
395
401
389
397
404
390
401
397
433
399
396
1133
424
400
408
401
398
401
403
405
398
405
395
406
400
411
400
411
401
404
393
391
406
402
402
405
406
399
406
403
408
410
408
396
479
386
398
393
389
396
389
387
394
385
388
389
385
382
391
393
389
382
1054
406
413
399
404
387
400
404
397
188625
426
416
412
409
409
405
411
422
419
416
417
425
424
408
419
421
424
396
389
397
395
388
395
391
392
395
399
391
386
381
388
1088
407
416
410
401
401
399
395
413
399
396
492
383
389
375
387
394
391
396
386
395
389
373
386
390
395
389
393
382
393
384
390
400
429
398
393
391
393
375
388
393
393
388
382
386
382
398
401
387
397
385
385
394
390
392
391
396
392
388
397
385
384
392
387
395
389
396
379
397
385
391
380
394
392
390
396
394
392
398
388
388
397
393
390
389
392
395
392
393
1090
394
413
402
403
404
406
403
408
397
405
515
386
382
400
386
390
388
389
394
396
395
375
393
380
389
389
384
381
389
397
394
393
389
390
390
389
394
390
387
387
389
397
390
388
385
394
386
373
390
385
391
393
400
392
393
388
390
382
391
393
387
386
391
390
393
389
395
395
395
391
395
396
391
387
401
389
392
383
429
391
392
382
386
1057
404
405
402
399
395
399
401
410
400
399
408
396
392
492
394
396
391
388
377
394
396
395
385
394
381
394
394
387
386
391
386
394
384
377
395
392
390
389
392
389
390
388
390
395
1084
399
399
410
396
405
404
407
399
400
407
401
399
399
457
407
400
407
494
395
393
389
383
374
393
393
399
391
388
392
394
384
381
389
397
386
401
394
397
387
390
386
398
392
391
381
387
390
392
387
393
382
391
396
393
401
393
385
418
393
393
382
379
389
381
393
391
394
392
402
385
395
384
400
387
377
387
377
373
390
393
393
428
396
393
392
389
389
381
386
388
388
392
389
390
382
391
389
381
374
382
387
388
391
382
392
389
374
387
382
373
373
374
389
390
398
390
392
391
393
391
389
393
388
385
388
387
1081
406
398
408
401
399
402
403
398
404
401
403
404
403
395
409
410
410
397
398
402
81139
434
422
434
426
413
430
427
421
418
406
428
445
411
409
400
406
399
410
399
410
399
396
397
401
398
409
402
398
407
402
398
403
402
407
397
412
404
403
397
405
409
393
408
406
399
385
407
401
412
409
408
403
413
522
393
394
391
386
387
389
397
388
387
384
444
390
1121
403
405
400
388
396
398
400
401
398
398
406
395
400
408
401
407
401
395
400
504
387
391
389
386
393
388
394
381
396
386
394
392
395
391
386
382
386
388
389
400
380
397
391
389
381
393
388
392
394
391
391
388
393
397
390
393
387
388
388
379
396
382
372
446
396
1120
408
399
401
397
404
401
399
407
406
398
401
407
407
406
403
406
407
402
402
399
407
398
400
414
484
383
393
396
385
382
392
389
391
386
391
395
384
390
389
384
390
394
388
398
376
373
373
390
399
388
383
392
393
390
386
396
394
385
387
398
385
392
390
433
385
390
394
392
385
391
390
394
395
394
391
379
388
392
393
391
390
393
394
388
385
394
394
390
387
395
1080
404
405
396
400
404
399
393
396
410
407
491
394
399
386
388
393
396
394
391
390
394
384
398
396
394
388
391
385
391
404
1087
410
407
404
400
404
161768
411
402
404
405
407
407
401
408
408
406
407
407
408
409
411
432
402
399
411
409
400
401
410
408
405
409
413
491
390
394
389
383
396
386
382
395
392
394
393
400
373
387
382
389
400
393
391
386
392
390
391
385
397
381
386
396
390
391
391
390
395
387
388
388
384
391
453
383
1062
409
410
403
413
405
415
424
384
395
416
404
406
401
402
397
396
395
403
407
396
405
402
401
398
399
408
402
496
382
386
379
395
394
372
390
397
395
390
392
391
397
390
388
394
391
391
387
388
398
393
388
389
386
384
391
387
396
395
385
383
388
390
442
393
386
392
391
392
388
390
387
380
398
382
382
396
396
390
397
394
390
388
386
396
395
382
373
388
389
378
393
382
374
372
373
392
393
396
385
395
393
386
1071
402
407
397
405
401
411
409
403
398
403
401
406
414
399
400
409
404
406
401
405
400
409
400
402
402
48104
408
402
406
401
399
393
402
398
498
875
394
1153
418
1470
402
428
408
403
409
396
410
475
395
393
395
388
392
388
1079
400
403
405
400
396
403
399
409
399
477
383
392
393
394
388
386
390
394
384
383
394
393
395
396
390
396
384
382
393
396
393
392
389
393
393
394
385
394
389
383
390
386
400
401
394
448
1084
415
404
412
409
409
415
407
407
414
415
431
416
403
414
413
495
402
402
387
391
383
384
396
381
375
395
388
393
381
387
396
390
390
393
393
389
390
380
384
382
390
382
392
391
390
397
392
394
387
400
390
1095
406
412
398
411
398
410
396
399
400
453
404
400
401
405
401
405
405
406
406
395
406
396
402
405
402
411
395
401
412
421
398
410
412
403
409
427
397
405
404
404
409
410
400
402
412
402
409
405
396
401
407
404
403
400
404
404
394
403
398
402
402
401
397
407
409
406
406
398
400
402
403
408
407
406
396
161768
412
422
415
448
415
415
425
415
437
427
417
415
409
411
428
390
384
381
391
392
394
390
374
392
390
393
382
384
389
392
390
390
1086
403
404
397
399
410
405
407
410
409
405
402
402
410
398
405
410
403
399
400
406
405
406
402
408
408
406
408
402
405
402
468
404
403
404
397
402
394
397
398
406
413
399
396
397
404
406
399
398
398
399
404
401
405
406
404
405
409
400
404
411
393
397
400
398
396
396
399
406
410
393
394
383
384
385
1078
402
399
399
399
404
407
399
400
401
498
386
389
389
392
388
394
390
390
389
389
442
381
387
384
391
374
384
382
387
393
380
391
384
382
391
396
388
394
384
394
385
389
387
391
388
392
396
392
392
387
392
393
393
385
391
382
394
373
378
393
385
390
390
395
391
393
392
392
387
391
392
394
388
395
389
389
393
394
399
391
392
389
392
382
389
389
377
382
386
446
396
399
387
388
393
389
378
394
381
385
391
393
391
383
390
389
398
390
397
390
394
391
386
389
395
384
381
392
393
386
386
382
393
391
380
393
384
386
398
387
396
392
382
391
389
383
384
382
392
389
389
386
388
394
397
390
390
388
397
390
386
386
392
387
389
385
392
81150
430
420
423
424
455
420
429
411
405
406
406
403
400
397
392
403
397
399
400
402
394
396
401
410
400
401
403
398
397
400
408
395
407
402
396
394
407
396
406
404
397
407
402
403
380
405
500
1092
393
401
406
403
405
397
409
397
393
401
399
400
403
413
402
449
406
407
424
402
404
501
390
388
378
395
390
388
384
386
393
388
396
392
396
389
391
382
379
389
381
389
390
382
395
389
390
394
396
393
391
395
392
386
389
392
394
386
373
401
395
405
385
393
390
387
393
396
402
393
399
397
395
391
403
398
402
393
1078
405
406
452
408
397
408
407
404
391
400
404
400
403
404
501
393
390
383
388
396
390
397
393
390
395
393
388
388
382
388
388
393
395
391
389
392
387
379
393
379
396
393
388
394
395
392
388
389
391
394
391
394
385
398
397
393
386
395
381
398
386
390
388
384
387
393
392
394
390
382
441
1118
408
399
406
400
401
386
407
396
402
396
491
386
388
394
396
386
397
397
396
398
393
416
391
391
393
394
396
394
379
390
391
394
396
395
394
386
401
387
382
388
392
391
384
386
391
396
386
393
390
373
394
381
391
390
394
387
379
388
386
386
391
386
382
81109
427
430
430
430
511
423
419
415
420
435
392
393
390
396
387
389
384
383
396
388
393
388
398
384
395
391
394
384
398
386
391
384
393
392
387
395
393
378
376
388
388
393
389
393
391
388
383
390
393
395
392
395
395
386
393
385
389
393
389
391
392
380
386
398
395
389
393
446
1076
405
402
414
400
405
401
394
400
413
399
395
397
400
404
409
409
399
403
406
411
399
398
404
402
400
400
400
401
408
482
398
375
372
384
394
392
394
385
389
398
393
397
392
395
391
384
387
385
396
381
375
396
387
393
404
385
387
393
389
394
388
391
393
445
1097
411
397
404
395
403
402
401
397
401
402
497
396
390
395
1073
399
404
399
409
406
399
405
402
403
398
401
404
402
411
404
400
405
403
413
403
403
403
402
397
397
395
402
402
393
398
407
401
400
404
401
400
488
393
400
383
385
396
390
397
394
389
452
1092
413
407
401
407
401
403
407
399
400
403
406
409
495
382
387
389
394
393
394
386
387
394
390
395
394
389
393
395
398
389
392
391
387
389
390
386
391
376
389
392
387
392
390
390
392
401
390
395
387
391
384
379
392
381
389
394
389
389
389
398
386
381
385
385
107998
401
400
404
399
404
397
401
401
393
410
404
403
400
404
401
395
403
399
398
400
409
394
397
407
404
405
411
402
402
406
404
402
398
398
402
398
403
401
398
401
406
398
409
402
394
402
404
414
401
404
399
400
401
409
403
395
404
398
400
405
402
398
405
415
395
484
417
401
405
404
402
399
403
399
396
399
399
399
401
410
401
399
405
398
403
397
398
402
405
399
407
398
408
403
411
400
397
403
404
395
396
408
406
400
398
401
399
397
412
398
408
398
407
408
405
408
409
403
400
411
404
395
397
411
401
396
408
407
406
409
397
462
410
403
402
399
402
403
509
389
393
392
391
387
393
390
394
383
382
396
389
394
386
383
384
382
387
373
373
373
394
390
386
384
382
390
381
395
380
393
386
399
383
382
396
387
1083
407
409
403
411
398
405
401
414
399
399
414
403
408
401
403
404
408
406
397
405
107993
1074
432
417
425
446
403
409
406
397
397
403
415
406
410
397
403
397
402
394
767
390
418
389
389
393
394
386
389
395
388
394
377
389
394
387
394
390
388
381
393
386
395
397
392
400
389
392
389
388
385
394
387
384
386
399
397
389
391
396
395
391
384
384
393
427
397
396
388
394
381
394
392
386
389
388
389
383
389
387
394
391
390
395
395
388
392
388
398
383
377
395
374
391
389
382
397
387
397
393
387
383
397
392
382
386
395
394
388
396
391
390
392
393
390
389
393
387
383
395
391
397
391
390
389
383
394
394
388
389
1075
449
412
408
414
400
398
407
410
398
399
490
395
384
382
394
399
381
387
388
378
389
388
378
397
394
396
385
383
391
394
389
394
395
394
389
391
386
373
390
388
396
388
395
391
394
385
396
387
382
385
391
384
387
389
394
393
388
396
389
392
381
387
391
399
1081
399
107993
407
414
417
420
419
414
414
409
416
1116
430
401
407
398
400
399
394
395
402
402
493
401
392
384
385
382
383
390
389
387
392
398
390
387
401
385
396
393
391
386
386
389
374
388
391
392
391
395
377
379
388
392
384
385
382
392
394
389
392
395
393
384
389
395
390
448
1089
409
403
399
390
403
399
407
402
408
395
403
402
398
401
391
403
396
395
402
400
407
406
401
408
403
401
398
394
409
409
404
483
387
374
394
388
390
390
395
391
397
383
397
386
394
389
402
389
390
393
393
384
397
389
396
386
388
387
399
392
399
391
390
448
1117
399
401
403
402
407
406
390
395
404
402
399
402
397
401
413
402
398
399
406
398
416
406
407
404
408
404
409
399
495
393
385
386
390
392
393
391
384
379
395
386
374
394
386
373
390
389
393
378
400
387
391
376
373
374
391
381
393
388
386
392
381
373
384
392
454
1118
403
396
402
399
412
400
399
399
405
402
401
403
406
409
403
403
401
402
400
400
412
403
408
400
400
413
406
416
399
410
408
407
501
1051
401
404
409
407
405
412
407
408
408
405
408
408
405
428
398
405
400
398
399
404
401
399
400
402
402
406
453
410
403
401
413
394
406
404
399
399
399
404
402
402
393
408
400
402
405
398
409
411
400
402
400
406
400
400
400
404
399
394
400
410
399
409
400
408
399
492
389
389
380
396
392
393
390
399
387
385
377
388
396
390
391
376
374
373
373
384
391
398
388
399
391
395
391
426
1090
399
402
400
399
404
403
404
406
413
394
403
404
399
401
403
409
399
400
399
406
398
400
397
401
398
400
400
402
399
398
414
393
409
414
404
398
404
401
409
397
409
404
402
397
401
414
402
399
407
400
400
400
403
397
407
402
409
400
405
397
407
401
405
108013
421
421
424
424
534
416
398
412
397
394
393
389
391
379
387
388
390
399
396
391
390
386
392
393
395
388
389
387
395
395
396
396
388
394
388
396
385
390
389
384
391
391
389
390
1086
408
408
398
404
412
404
403
406
400
399
397
398
399
402
412
395
404
405
406
458
404
416
409
410
404
407
408
412
406
409
421
402
405
399
392
411
403
416
401
404
395
400
408
406
407
403
404
403
403
403
400
411
408
396
405
402
396
406
405
410
393
406
405
403
405
403
410
402
408
400
410
397
402
405
409
408
402
397
401
402
399
398
399
400
412
473
408
408
409
406
404
404
419
509
395
398
388
389
401
402
392
390
386
388
393
388
385
380
395
390
390
390
387
393
391
387
383
393
390
1058
403
404
405
403
399
396
409
401
499
392
387
373
394
385
1088
412
410
410
399
401
404
401
406
409
398
399
412
402
81133
410
423
427
517
418
411
419
410
418
425
388
382
393
397
381
394
389
393
390
392
389
390
382
394
394
384
388
391
395
387
1086
409
400
399
397
406
402
401
404
396
400
412
400
404
492
1075
411
401
400
398
395
399
402
403
394
409
407
399
399
403
408
466
410
408
402
406
413
423
399
406
402
393
404
406
401
401
402
405
401
405
486
397
391
394
394
392
384
391
392
392
388
377
388
393
388
387
393
384
392
396
386
393
398
390
374
374
378
389
390
387
377
391
384
384
395
391
390
387
387
1086
403
406
402
401
393
403
398
449
407
400
408
399
400
410
401
402
403
403
407
405
407
504
392
393
393
394
391
395
393
395
388
391
394
396
387
389
384
390
389
395
394
391
387
397
389
390
390
389
384
388
378
392
390
389
387
395
385
398
396
389
390
391
385
392
381
395
393
373
387
385
1061
402
399
460
398
408
402
398
409
398
404
403
404
405
395
403
399
404
401
405
401
409
402
404
401
403
492
387
387
383
374
391
388
389
395
393
394
393
396
386
379
389
381
389
373
373
373
373
373
394
388
390
380
396
388
384
380
387
398
391
397
383
386
389
396
385
391
389
393
395
81085
445
421
424
416
411
410
407
424
419
415
407
413
417
425
413
431
394
390
382
392
392
395
391
395
387
382
386
382
399
390
394
387
377
393
393
394
394
389
392
394
388
386
395
396
387
393
1090
398
407
404
402
397
402
399
403
400
410
402
407
412
411
397
395
399
435
408
411
408
411
412
510
393
395
388
391
421
401
378
387
387
389
399
392
396
390
392
393
397
373
385
386
380
392
383
382
396
387
390
391
396
396
397
386
387
390
390
388
390
388
389
386
389
386
388
389
388
391
390
385
395
389
390
397
383
382
1086
403
394
407
403
444
411
406
398
404
412
407
409
752
385
395
395
1058
411
403
407
407
408
425
406
395
406
403
406
486
389
393
390
397
395
400
396
388
413
385
393
394
387
391
394
386
387
386
385
389
379
394
391
386
393
391
380
396
1090
406
402
396
407
404
412
399
404
410
108004
410
405
416
417
417
420
420
405
398
390
381
391
392
1075
405
409
406
400
405
415
398
397
394
399
493
389
389
384
383
1086
397
404
403
394
406
402
409
496
398
408
391
413
396
392
400
384
398
389
398
384
387
380
389
386
384
382
392
394
397
386
387
382
436
391
396
388
389
383
388
392
394
388
389
381
395
394
391
400
380
396
391
379
392
387
390
386
390
372
397
395
391
388
386
373
1062
412
400
407
410
409
403
411
407
400
408
493
380
384
382
391
387
389
1088
405
403
402
407
406
398
402
399
489
392
390
393
390
443
387
394
392
390
387
391
393
388
395
389
394
386
391
386
386
391
392
391
384
387
374
389
390
388
374
394
391
396
1062
407
397
399
407
407
408
395
403
405
402
404
402
404
400
406
402
399
403
398
405
400
409
398
399
401
414
399
401
409
400
399
407
394
398
399
108003
422
425
428
433
420
410
423
424
438
434
420
411
429
439
433
439
400
401
409
401
398
413
399
399
400
397
403
403
397
399
402
400
404
402
402
402
402
401
407
402
401
398
409
402
406
404
405
503
385
396
392
386
389
391
389
374
373
373
394
386
373
390
388
391
390
455
385
1087
405
400
401
404
397
406
404
394
400
405
403
491
387
396
382
373
391
390
397
391
398
389
382
387
385
383
393
389
387
393
383
383
395
395
389
392
385
398
392
392
389
393
390
381
373
392
393
395
386
396
389
392
374
373
388
384
382
394
391
395
387
394
396
442
403
387
388
399
396
392
390
392
393
396
389
389
393
392
388
394
392
387
395
390
395
390
386
393
401
393
406
393
397
400
399
390
394
397
389
396
401
391
398
394
395
406
390
394
400
400
391
395
408
396
394
387
383
398
390
392
389
398
389
394
386
378
389
383
383
395
389
429
391
382
391
392
386
386
382
385
392
390
390
387
374
380
391
383
386
385
375
395
390
390
391
391
392
386
390
1080
402
407
409
410
404
409
402
400
404
397
499
390
386
394
390
395
391
392
392
388
388
384
386
393
389
392
396
390
391
388
392
391
385
384
402
399
402
107969
421
413
416
414
423
420
419
415
437
393
1094
407
400
408
399
408
398
406
407
414
405
496
394
390
394
397
392
378
396
396
394
391
396
395
387
400
417
385
385
390
392
391
382
389
378
403
390
391
392
387
391
380
390
392
384
388
389
400
393
389
390
390
381
382
429
405
1087
406
406
405
435
400
416
409
397
409
400
398
401
405
394
402
409
400
398
403
409
413
402
400
399
504
397
387
1046
400
404
402
397
401
400
404
400
394
407
394
404
399
399
398
403
404
404
404
404
400
406
399
404
396
402
406
404
401
408
400
405
470
408
410
404
401
411
402
405
401
397
402
397
405
405
398
402
400
405
399
404
403
415
482
388
377
385
381
385
394
392
379
390
386
392
400
392
383
389
396
390
389
391
393
393
389
386
392
386
395
764
399
406
396
403
404
413
401
416
400
407
406
399
486
391
388
381
81120
437
429
422
420
414
422
425
427
418
422
427
421
445
401
414
403
406
433
405
407
403
394
400
397
405
413
401
394
406
407
399
399
407
403
401
414
399
405
402
403
414
403
401
401
401
399
404
403
413
406
397
408
395
399
399
396
400
402
409
397
398
410
409
410
466
411
404
401
408
407
402
403
504
390
391
393
393
391
389
391
374
387
384
392
1082
398
409
410
405
402
402
405
401
753
400
378
373
379
398
387
392
387
397
389
393
393
392
1087
411
403
402
399
398
405
406
397
400
487
387
389
395
1058
401
413
413
462
415
408
408
400
405
401
498
394
389
386
386
397
390
399
391
379
388
388
388
394
392
390
373
394
389
386
386
392
391
384
394
394
390
384
390
389
394
386
386
395
388
381
395
384
391
385
388
392
389
376
389
383
394
386
383
391
390
1088
407
406
391
406
409
400
404
443
403
397
405
493
396
393
389
391
396
387
383
390
395
381
392
388
381
396
388
396
387
396
387
392
386
399
388
391
395
396
385
395
380
394
393
393
390
384
380
383
402
390
398
384
386
385
386
389
386
396
390
390
394
394
388
393
389
386
386
390
393
391
389
391
395
388
396
108031
421
426
427
421
430
433
411
404
401
400
401
399
404
408
400
492
382
385
386
389
383
388
386
387
377
392
384
393
387
389
398
389
392
391
380
393
388
382
387
396
393
391
392
383
394
398
392
396
385
395
392
374
373
388
388
378
391
394
391
395
391
396
391
390
386
383
443
390
388
391
393
396
398
386
394
386
394
390
393
393
390
384
398
384
383
384
391
386
390
389
393
394
388
390
384
389
394
397
391
384
394
389
391
393
386
386
396
386
389
390
399
390
393
1092
398
409
407
403
407
404
404
391
407
499
389
399
386
392
382
373
389
395
431
394
376
396
393
391
416
390
391
382
373
387
391
390
394
389
391
389
391
390
389
389
384
381
393
394
385
396
381
392
394
394
390
385
386
381
392
391
384
390
392
391
394
387
391
387
1078
406
399
398
400
400
395
396
401
401
398
409
404
401
400
401
408
408
400
407
439
408
410
417
409
405
409
411
411
405
425
396
409
402
405
396
397
409
403
403
399
397
403
400
400
406
397
408
398
401
402
402
401
405
396
406
399
396
405
405
397
408
497
388
394
394
391
392
396
383
382
382
381
403
391
392
391
391
387
393
394
384
381
386
396
389
393
81111
1127
424
420
437
418
426
426
425
421
416
438
397
405
400
395
407
408
399
404
401
396
402
393
399
401
400
399
404
504
383
392
389
387
383
403
387
391
400
391
1096
409
410
412
410
410
405
402
406
414
406
408
409
408
408
403
414
408
411
412
401
405
524
412
410
411
407
409
409
405
409
421
409
394
404
401
398
402
401
407
408
401
399
398
404
402
408
399
405
400
403
402
404
402
404
408
399
394
404
488
391
1068
408
393
398
407
392
401
500
381
1075
398
399
403
399
400
412
497
396
388
1056
396
439
417
401
404
399
403
405
400
413
404
408
405
402
400
402
404
403
393
404
407
412
404
403
402
399
403
401
404
404
400
399
406
409
400
403
394
393
397
400
412
410
411
396
408
409
399
394
402
408
407
402
403
406
390
401
399
401
405
403
398
402
399
407
404
398
402
398
107988
417
419
415
414
413
411
420
412
419
415
417
417
416
417
409
417
423
389
395
387
391
392
414
396
390
394
382
398
381
397
388
387
388
393
394
387
383
385
392
389
386
1086
402
399
405
403
406
399
400
401
399
400
403
400
395
404
404
505
391
388
391
381
390
455
406
391
395
385
381
394
389
384
389
395
399
390
386
390
390
392
376
390
387
391
393
387
391
394
382
389
392
396
394
383
379
390
378
389
390
384
397
387
373
394
398
384
396
390
393
378
388
389
380
388
391
392
392
389
397
390
398
388
1089
399
407
401
406
408
396
403
460
403
398
400
395
403
406
404
399
404
401
407
403
499
393
373
392
387
397
393
383
389
382
387
387
383
387
387
389
387
389
388
396
387
393
436
422
420
414
420
415
414
418
414
414
422
420
402
378
391
394
391
397
388
384
384
395
386
1110
403
409
407
406
400
403
107974
1113
428
433
425
413
417
426
426
433
407
401
496
388
398
386
400
393
398
384
383
396
403
383
393
390
396
391
396
391
389
390
392
390
394
388
394
393
394
392
382
392
386
389
393
393
383
391
394
392
394
389
384
388
391
397
378
385
388
385
390
386
388
377
391
432
399
1133
406
410
398
400
419
398
400
399
404
401
403
399
394
405
503
395
390
375
390
388
390
391
397
388
377
388
387
382
388
392
392
394
392
390
392
397
386
373
379
393
389
397
388
390
398
391
392
393
392
381
376
390
391
386
394
395
394
395
396
390
397
389
383
435
1117
408
396
395
414
406
400
407
398
408
403
403
399
401
397
400
402
407
403
403
477
388
391
373
373
390
389
394
392
390
398
389
390
373
391
389
393
385
383
388
394
391
385
395
394
388
389
377
378
385
390
387
393
386
391
393
1071
397
398
406
395
411
406
449
405
406
414
403
409
407
404
395
396
406
399
399
400
402
396
399
403
401
409
395
401
404
393
413
405
399
405
493
389
384
388
388
393
386
403
395
391
386
394
385
392
383
397
385
391
413
393
397
394
389
384
390
384
387
393
385
387
386
387
392
388
392
387
1085
437
413
411
395
399
402
411
400
397
406
397
400
399
396
411
399
402
407
404
399
401
399
393
395
404
411
406
396
399
408
505
396
383
380
390
382
385
394
397
384
386
378
382
391
388
395
389
383
390
391
386
386
87141
432
409
422
430
422
427
438
435
425
423
437
424
427
411
423
434
446
397
398
495
392
386
390
389
395
387
386
394
397
388
392
392
395
392
394
386
379
389
393
391
391
391
396
379
382
395
385
392
379
388
1047
405
411
408
403
406
400
410
409
399
411
405
408
555
395
400
391
394
1062
410
402
422
408
401
394
402
403
399
396
508
392
392
379
384
391
383
391
389
390
393
397
1078
415
415
414
414
400
405
418
401
418
416
503
394
395
390
398
397
392
407
386
394
391
391
395
389
397
389
381
388
391
392
390
391
391
384
390
447
392
385
394
397
393
387
392
387
391
385
381
390
392
375
389
389
391
391
390
391
389
394
389
382
395
385
399
388
394
379
388
394
382
385
391
395
389
394
387
390
375
387
1072
402
401
399
395
396
404
398
399
407
403
495
394
373
377
375
395
389
397
382
386
387
389
453
395
379
396
386
386
386
379
379
382
395
390
387
401
383
1086
394
401
394
398
399
403
401
407
403
399
494
387
395
384
398
386
380
400
385
395
392
394
389
390
396
389
390
388
385
390
391
390
391
392
373
373
379
395
384
381
387
388
391
383
383
387
393
391
395
388
412
391
392
378
396
385
386
396
395
398
390
396
381
390
391
392
388
394
390
394
389
387
386
394
391
392
394
394
387
389
388
395
395
391
387
391
379
396
381
387
386
389
384
389
390
396
385
392
387
396
378
382
393
387
398
385
404
388
392
389
394
391
388
385
392
389
387
391
390
455
389
388
388
394
393
393
393
388
387
394
389
396
398
392
389
391
1086
410
400
403
405
399
396
407
415
409
406
404
400
409
500
390
387
373
382
389
392
392
395
393
393
388
386
390
383
403
385
391
392
392
391
388
383
395
388
394
391
394
392
397
386
387
386
393
161755
414
1119
429
426
424
433
425
424
417
419
432
424
449
403
402
405
410
396
401
414
403
398
406
402
404
406
498
385
399
399
388
387
391
391
392
378
399
389
387
390
386
388
383
390
386
382
400
393
391
390
389
387
374
390
393
394
389
393
387
399
396
389
390
388
461
391
1094
408
415
409
412
402
408
413
409
410
411
405
411
413
415
413
408
408
408
407
411
413
418
427
394
400
399
410
395
403
394
409
405
408
485
380
392
394
388
377
390
385
386
385
383
389
389
379
393
393
377
382
395
387
388
390
383
394
391
391
392
387
384
436
387
386
399
385
384
398
394
394
399
390
396
389
380
393
393
393
387
383
390
390
385
381
394
389
391
388
397
387
394
387
377
373
373
373
373
394
394
384
386
387
391
392
395
382
394
389
394
380
393
390
391
394
393
386
389
390
388
383
395
389
386
391
388
390
394
394
391
384
448
390
399
400
404
396
399
387
391
389
400
396
394
388
400
386
415
394
391
391
396
381
389
393
387
393
391
389
386
391
1096
400
403
397
401
399
403
408
408
405
400
402
408
397
396
492
395
395
391
392
397
397
394
390
382
373
394
389
396
389
391
379
401
393
385
54378
421
384
383
400
396
394
394
389
397
392
394
385
396
388
397
386
389
395
398
391
393
393
389
387
395
388
390
389
387
386
379
397
1091
409
402
408
404
407
403
398
410
400
401
755
389
393
395
391
394
380
392
388
384
386
391
389
380
396
394
390
386
392
389
393
456
404
391
400
409
382
395
389
395
390
396
381
373
373
391
397
392
385
392
383
373
393
388
394
388
378
390
393
383
386
391
384
382
394
388
389
389
398
386
386
395
394
387
384
391
390
392
392
386
373
373
373
388
389
390
393
390
391
387
373
373
373
388
382
390
391
393
399
399
426
389
381
393
386
382
394
388
396
390
384
383
383
373
373
373
1064
400
402
399
398
405
402
398
402
409
508
394
390
390
384
397
387
389
394
392
394
392
394
390
397
1071
412
404
409
407
405
410
402
403
400
414
406
402
406
402
492
382
392
392
391
392
392
449
395
765
414
422
421
419
428
532
397
391
397
399
394
395
391
406
388
381
386
389
386
397
391
390
389
384
395
381
388
386
387
391
390
389
390
397
386
391
385
392
382
389
395
388
390
386
398
391
396
391
396
393
401
394
1087
402
411
408
425
401
409
393
409
393
108029
431
426
426
434
427
519
424
409
409
407
431
385
374
372
373
387
394
389
384
387
394
386
390
390
385
387
396
395
396
387
387
392
390
386
394
388
387
402
396
394
397
385
394
390
391
383
388
395
400
387
395
396
403
401
392
386
394
400
389
401
389
390
391
402
396
394
484
1126
403
409
406
406
400
407
402
409
407
410
409
407
408
407
411
504
385
395
404
393
398
381
390
388
392
393
396
390
394
391
397
411
383
396
390
394
387
393
382
374
390
388
381
391
386
403
394
388
393
385
383
393
385
393
383
393
389
395
378
373
373
387
380
442
1122
400
406
401
400
399
399
402
400
412
406
404
398
401
398
401
406
502
384
391
383
391
379
389
382
373
373
373
394
391
382
389
398
391
386
393
394
390
393
391
386
392
393
395
395
394
385
386
386
386
392
386
393
391
390
385
387
386
386
383
384
386
391
387
391
447
391
1083
407
403
401
399
408
394
409
404
399
405
399
400
398
403
399
410
404
405
494
388
392
398
389
392
390
373
373
394
390
396
373
373
387
382
379
391
398
388
387
389
387
390
393
387
393
394
390
399
388
388
394
389
393
380
386
378
392
389
394
393
386
392
396
108000
418
419
419
413
419
413
410
420
412
420
417
424
415
416
417
412
431
383
386
390
391
1086
397
406
399
401
401
406
409
411
404
398
501
393
383
382
398
390
395
389
374
392
398
388
385
375
387
391
393
396
397
388
378
393
397
389
393
389
393
390
384
382
391
391
452
395
394
389
383
394
392
389
390
393
396
389
392
383
395
391
396
386
373
390
382
374
373
392
393
396
383
396
385
393
379
389
390
381
374
373
393
389
395
393
391
392
383
390
394
387
389
374
373
394
394
392
386
384
395
386
390
393
391
391
377
396
390
387
385
395
394
388
393
441
390
386
388
1082
399
394
407
400
404
409
402
396
407
410
411
400
402
404
492
397
391
377
389
396
388
386
389
374
373
373
390
389
399
385
392
388
392
387
391
392
393
384
382
393
392
394
395
391
384
385
391
396
390
394
390
388
395
392
394
392
390
395
385
394
392
446
395
390
392
394
395
391
385
399
383
386
397
395
394
391
376
374
373
390
395
384
386
390
1094
398
402
412
398
404
407
402
412
407
398
398
495
394
396
396
391
399
390
396
389
399
383
390
390
401
376
390
391
381
397
389
394
389
388
382
391
403
389
392
388
388
188634
411
425
420
416
414
419
414
417
417
1112
429
422
440
408
404
410
400
407
406
410
411
490
398
421
400
385
397
392
385
391
387
398
398
382
395
382
395
398
381
392
393
395
386
389
391
394
388
392
391
396
391
400
394
395
398
385
398
388
386
397
388
391
389
400
428
1081
398
408
394
410
401
405
399
397
400
409
400
413
404
400
396
402
401
401
397
407
395
502
394
396
387
401
395
399
394
393
384
385
387
395
394
383
395
388
396
391
402
395
390
393
393
387
393
390
395
401
392
384
394
393
385
389
395
389
395
387
391
399
393
392
448
401
395
400
395
397
393
396
403
401
402
397
391
396
397
403
406
393
398
398
398
398
397
397
401
391
396
389
402
390
395
399
398
402
412
386
399
404
393
391
386
400
1054
394
406
409
409
413
402
403
400
406
397
497
387
384
386
390
384
393
394
380
388
399
381
452
401
396
395
404
402
398
393
418
387
397
387
396
389
397
386
399
400
400
423
387
387
395
392
400
391
385
392
391
391
396
384
396
388
384
391
395
389
406
394
384
392
394
394
387
392
392
385
390
384
397
389
382
388
387
396
404
396
394
389
401
406
390
402
399
396
391
396
81166
417
421
432
417
432
444
402
406
405
404
407
394
411
401
399
400
398
415
401
401
409
406
398
400
408
396
406
404
409
399
404
395
399
406
402
409
404
410
395
403
389
403
399
399
404
408
403
401
405
407
409
408
405
402
408
401
399
399
409
409
399
404
399
413
459
418
410
408
414
408
406
413
404
410
409
396
408
407
413
404
410
413
413
409
407
410
405
414
402
409
408
414
404
412
403
412
398
406
396
403
404
406
406
426
403
399
408
404
394
407
411
407
406
399
408
411
402
401
403
396
399
416
402
415
409
398
403
404
401
401
479
405
406
410
409
403
399
397
407
410
404
406
404
408
394
410
402
404
409
397
399
406
402
406
407
408
406
396
401
406
402
396
410
406
397
397
406
403
405
399
390
403
400
400
404
415
412
392
397
400
405
401
412
400
396
408
393
403
402
401
393
410
403
407
405
403
486
408
400
406
404
405
405
404
507
389
397
400
392
392
390
419
392
385
392
388
401
384
385
387
395
377
388
395
393
1085
404
403
399
404
396
400
404
402
396
389
402
408
398
402
409
401
398
403
411
401
414
406
401
410
409
403
406
411
412
406
402
407
409
407
81154
443
437
414
437
438
422
445
431
452
417
436
444
406
412
411
413
405
407
409
413
405
408
416
415
416
409
408
413
409
405
413
409
401
405
409
405
406
410
402
411
406
410
405
415
409
401
406
413
416
411
411
411
409
399
414
420
403
410
404
403
407
423
412
406
474
410
413
409
415
439
409
411
404
423
415
416
405
427
406
401
399
401
405
406
412
413
397
402
406
402
396
409
397
410
403
390
396
413
405
400
410
404
399
403
412
393
400
407
419
409
410
405
410
402
405
407
406
405
406
411
401
412
407
408
409
410
409
416
407
493
410
421
405
444
403
408
405
406
412
418
415
409
405
407
414
424
406
407
397
402
401
397
403
408
404
410
403
408
409
401
403
400
401
403
399
413
405
399
416
400
409
414
406
416
400
408
404
405
408
413
405
409
400
414
413
414
414
416
402
414
413
407
403
410
81199
435
427
440
433
421
425
428
425
439
436
422
429
425
430
431
474
404
399
395
410
408
396
415
402
405
406
402
396
400
405
403
404
395
406
409
407
405
408
407
406
413
407
407
409
412
407
407
403
408
414
405
402
404
408
410
409
404
406
404
410
405
403
411
407
462
416
405
405
406
407
405
405
410
409
430
402
398
403
400
397
402
400
403
398
408
406
400
401
413
402
404
408
400
395
400
405
405
401
404
400
396
405
398
405
398
406
406
407
398
405
401
413
401
409
407
407
404
408
411
408
407
408
407
406
409
408
411
403
405
408
483
411
404
407
412
403
406
400
409
411
414
428
399
404
399
400
399
403
405
408
399
403
411
407
406
401
402
402
404
405
403
399
399
404
400
402
406
413
400
397
409
399
400
402
406
414
398
399
407
409
411
400
401
408
402
407
398
401
403
416
405
408
399
402
399
458
406
415
403
410
403
406
408
411
403
404
407
410
417
404
393
402
400
396
411
407
398
414
399
404
395
398
404
391
409
404
400
405
406
408
402
401
398
414
403
401
401
405
406
406
404
396
408
404
401
401
404
397
398
403
407
401
408
403
410
405
404
401
401
402
402
400
81186
427
410
428
420
432
431
425
450
407
410
399
395
406
400
401
408
401
400
411
401
408
397
416
399
414
394
401
401
394
406
400
398
398
403
400
413
407
401
392
399
393
402
404
397
398
399
396
400
399
404
399
404
399
396
401
405
409
403
405
404
404
408
398
401
479
410
403
402
407
398
413
408
412
401
406
405
412
406
402
409
410
414
405
404
402
409
409
408
406
402
408
410
406
411
406
405
410
410
402
405
406
410
401
405
406
407
408
407
407
414
407
404
404
407
407
407
408
403
411
409
410
405
405
405
407
404
409
406
406
408
442
407
419
410
407
423
402
400
403
406
398
404
406
396
406
412
401
405
400
405
403
398
401
401
400
398
403
402
402
414
396
406
408
401
394
402
400
401
398
415
401
405
405
413
416
411
420
422
418
431
415
408
404
426
413
401
405
400
401
400
409
410
401
402
400
460
410
406
410
408
401
408
430
400
410
400
397
409
414
404
407
399
410
405
406
398
408
405
407
400
409
403
407
403
410
398
404
403
406
408
399
404
404
399
399
400
411
397
403
403
406
398
405
406
399
403
400
399
400
386
397
402
412
403
399
409
401
403
402
405
396
188637
423
421
411
424
409
409
410
406
424
418
411
414
414
416
411
1070
428
395
404
408
400
398
396
403
397
402
396
411
402
401
403
402
404
499
394
386
394
381
373
373
390
