823
809
813
814
816
813
986
811
809
826
820
822
813
815
812
811
827
812
816
811
814
811
807
813
910
762
764
764
768
759
767
764
772
763
763
767
769
772
771
850
760
764
812
807
764
761
767
768
768
771
765
772
757
776
771
765
760
766
765
768
768
764
765
765
769
766
765
765
764
769
766
764
760
769
841
764
763
766
775
776
775
766
763
765
764
759
761
771
768
763
765
765
764
764
776
771
762
771
770
770
772
772
770
767
770
762
767
763
764
959
792
765
768
761
769
765
768
768
762
772
769
768
764
764
769
765
769
763
770
759
770
776
778
774
768
761
786
771
771
767
885
763
758
763
876
769
764
768
776
764
768
771
765
770
770
767
763
763
761
768
770
766
771
769
766
771
766
767
767
523
352
348
351
356
349
350
354
356
350
349
356
347
353
352
350
352
347
354
347
355
373
351
356
352
355
352
350
354
354
358
352
349
352
353
351
350
448
1030
364
377
348
370
359
356
350
363
357
350
350
351
353
353
349
355
357
363
359
385
373
375
374
379
377
386
390
350
357
352
352
350
355
351
355
352
355
348
355
353
353
354
356
352
348
346
353
350
348
349
357
347
356
353
350
437
353
350
353
352
354
355
355
356
352
352
358
358
356
348
350
348
351
351
348
349
350
351
354
352
353
352
352
357
352
347
357
361
354
351
371
350
347
446
343
340
337
329
327
336
339
338
341
336
340
344
999
356
365
350
352
352
356
351
348
352
351
350
449
344
338
342
339
346
339
340
363
342
347
393
343
1026
360
383
361
359
360
354
367
375
355
350
352
393
443
1020
356
350
355
348
355
349
363
350
354
353
357
350
446
343
345
338
341
342
336
341
362
335
343
336
341
342
332
346
340
335
339
338
336
341
340
339
336
342
337
340
330
338
334
341
342
344
334
342
330
327
343
332
342
340
336
342
380
351
1029
349
349
355
348
357
356
357
348
371
350
350
348
355
344
351
346
352
348
352
349
353
350
356
347
354
346
356
355
352
349
353
350
353
350
352
344
354
347
356
351
350
347
358
349
355
356
352
353
350
351
348
354
359
351
357
349
351
354
346
351
349
349
356
352
349
354
350
352
348
352
357
387
355
362
356
350
355
350
374
354
440
331
344
327
332
340
339
335
341
343
340
342
330
343
336
341
335
340
342
332
344
338
336
340
336
343
334
337
347
340
1003
351
351
352
348
357
345
357
354
349
352
347
359
347
351
364
371
373
357
362
364
380
358
349
354
354
350
348
347
353
350
351
348
354
355
347
380
350
352
352
371
350
355
346
352
354
351
356
352
362
352
350
356
353
346
355
355
348
353
354
439
329
341
336
339
339
340
336
340
343
343
341
340
336
344
332
347
335
341
340
342
333
343
340
335
341
340
334
342
344
338
337
342
344
338
337
340
342
333
343
339
335
342
341
341
336
330
333
340
345
337
343
371
363
428
362
1049
377
377
392
357
382
354
357
346
358
356
360
348
356
356
368
358
358
441
344
362
343
342
344
345
336
364
336
339
339
338
339
341
340
344
339
342
332
344
327
327
343
338
340
344
337
342
349
334
343
342
340
339
345
338
344
340
345
341
339
338
346
332
344
339
337
341
339
339
336
340
327
329
391
343
1036
350
348
353
356
359
357
347
380
350
349
356
348
353
354
432
343
338
337
350
353
352
346
346
344
340
343
342
338
342
333
345
337
346
346
337
351
709
371
362
358
372
381
380
423
408
398
1055
376
353
378
369
365
396
402
408
374
374
372
396
396
398
404
414
397
410
423
378
366
402
403
404
419
407
363
391
374
358
356
366
383
374
379
409
418
435
379
380
388
406
400
407
488
1054
398
378
385
355
379
394
375
390
398
401
401
398
368
360
359
348
359
397
378
373
398
416
386
382
375
360
372
371
392
380
394
379
372
368
362
382
354
366
362
382
413
405
383
380
404
375
362
357
359
365
360
368
388
367
379
385
369
368
362
361
375
371
362
384
473
372
368
340
345
345
344
337
341
366
391
379
360
368
1077
376
357
367
367
369
394
387
371
388
362
369
390
369
364
367
391
390
401
384
403
363
355
355
356
350
353
350
354
372
367
364
363
685
399
391
395
419
406
410
393
386
386
429
383
358
356
363
360
375
390
374
358
387
391
402
378
360
375
361
357
361
368
399
395
378
395
374
355
373
349
356
345
353
353
349
353
349
357
357
480
413
347
357
350
350
352
361
359
355
374
358
350
353
354
356
351
351
354
349
353
359
351
351
400
357
369
373
352
348
352
356
355
350
352
352
357
385
358
355
350
355
347
350
351
354
351
353
349
348
357
351
357
349
354
354
355
349
351
353
348
353
354
352
353
357
394
377
353
351
355
350
352
355
347
357
367
349
422
387
397
429
443
456
473
518
512
536
518
513
512
519
524
518
803
559
624
545
551
499
481
491
504
555
580
548
532
538
558
558
494
445
572
528
348
351
357
349
357
352
352
356
360
361
371
376
353
354
351
371
352
354
351
350
355
353
354
348
351
349
352
352
356
349
350
354
355
349
349
350
352
354
350
355
352
352
351
347
350
403
353
352
348
357
353
351
355
348
349
358
352
350
355
352
352
352
353
349
349
354
356
345
364
354
349
354
354
438
346
340
348
345
342
376
339
346
342
340
343
342
337
338
342
345
363
340
348
339
337
342
345
332
342
339
341
341
338
339
333
344
341
341
333
344
340
336
340
343
337
340
336
1034
352
353
392
349
366
386
409
367
381
349
355
354
347
355
437
338
341
341
341
338
341
335
327
339
340
338
1003
349
350
352
353
355
348
368
351
352
356
348
351
447
342
331
327
339
334
341
342
332
343
340
336
342
336
343
340
344
340
341
336
337
338
344
337
338
341
336
342
995
349
353
350
355
351
346
359
401
347
350
355
349
351
351
354
354
359
352
370
364
386
373
355
358
347
352
351
356
349
445
338
344
333
344
340
345
338
345
337
343
336
338
340
336
340
339
339
336
329
330
339
342
341
334
341
342
332
347
334
328
340
332
344
338
336
340
336
343
338
339
347
341
345
339
345
340
339
340
336
340
327
343
332
346
339
418
1086
356
346
351
354
351
356
363
357
350
350
348
349
352
345
357
346
357
345
351
350
356
349
352
351
352
348
355
352
352
352
354
347
359
366
364
366
359
368
372
363
356
354
361
353
349
362
372
352
373
352
359
352
369
354
357
362
372
358
357
360
353
359
346
355
351
353
349
355
352
352
352
379
354
356
349
354
354
352
345
356
353
353
352
354
350
349
353
354
350
346
359
356
355
354
351
354
349
352
351
349
351
352
352
348
355
349
350
354
350
348
354
373
459
357
357
363
356
357
360
360
386
356
359
353
349
354
341
348
339
339
346
347
346
335
344
334
339
344
335
339
341
335
341
342
332
344
340
384
353
341
1067
354
355
349
355
364
358
356
351
350
352
350
351
356
348
351
347
352
355
356
359
345
350
352
356
349
351
348
353
350
350
352
348
355
349
351
355
437
345
333
343
338
344
335
343
336
341
329
343
341
334
342
334
354
341
343
340
345
341
339
344
342
343
338
343
341
339
340
342
341
336
343
372
352
1061
349
359
352
360
361
356
357
352
375
353
352
351
352
350
436
340
336
343
344
341
335
343
332
344
340
336
1007
354
351
356
352
349
355
353
338
360
357
357
354
346
354
344
354
352
350
353
350
355
348
353
350
347
355
343
352
352
351
349
351
351
344
351
354
350
353
350
354
354
353
408
366
352
341
355
350
353
351
359
355
354
349
359
347
356
353
353
353
353
352
349
353
353
352
346
359
352
351
342
353
348
352
351
356
344
348
350
352
355
351
347
341
350
354
349
357
352
351
354
352
354
353
454
345
340
340
343
340
339
337
340
336
343
336
345
336
339
342
345
343
345
339
337
341
340
340
347
382
345
338
339
358
342
336
347
342
344
342
341
341
343
337
341
336
339
337
341
336
344
338
336
342
343
340
344
338
344
332
328
346
333
341
343
347
335
346
343
337
342
346
340
345
343
344
348
340
340
340
343
339
341
342
337
340
344
340
342
337
341
336
343
333
341
340
342
342
340
331
343
343
339
334
342
341
349
346
444
351
1038
349
380
352
354
357
351
356
359
350
353
351
350
355
448
339
347
339
346
339
344
350
337
345
362
345
338
343
332
344
339
341
336
338
340
339
342
344
340
334
341
338
344
340
344
339
338
342
341
341
340
339
340
341
343
343
338
346
352
342
347
338
341
345
347
348
371
354
349
347
344
342
348
441
377
416
373
379
375
1052
366
381
355
361
352
347
355
363
360
364
343
360
356
376
394
361
369
361
365
358
377
380
364
360
452
366
379
347
345
345
354
349
351
357
349
339
351
371
398
1058
407
351
357
350
353
360
349
352
359
388
381
383
377
379
360
369
360
369
353
353
358
349
406
376
377
385
425
409
391
372
381
374
386
371
399
370
376
365
354
358
366
363
377
369
374
365
357
351
370
355
359
373
374
361
369
357
367
356
375
380
361
357
367
351
364
379
354
356
394
377
382
355
363
360
392
374
392
395
357
371
377
357
358
366
381
393
379
370
356
372
362
363
360
384
410
396
375
368
375
361
360
414
356
357
375
353
370
355
358
352
380
363
351
356
357
357
367
354
356
368
348
355
356
364
361
369
362
377
353
375
359
359
357
363
358
359
364
355
357
367
385
371
360
351
365
353
368
378
371
373
359
361
375
347
359
358
371
357
356
364
360
352
354
350
360
348
360
356
422
362
356
358
356
358
353
360
364
358
378
357
364
357
358
350
352
353
350
359
354
354
355
347
357
356
367
376
392
379
381
370
366
356
378
378
369
356
370
377
365
355
359
358
361
352
355
352
348
353
364
357
357
363
360
362
351
360
357
354
358
355
362
375
371
358
355
352
352
359
356
347
348
351
364
396
362
359
360
373
377
400
355
366
368
379
352
354
353
359
374
380
389
366
375
359
353
368
367
359
353
354
348
360
349
371
357
357
356
353
360
354
360
353
372
359
353
368
363
357
370
348
357
354
357
355
351
354
348
364
353
358
368
356
352
355
351
352
361
350
359
362
362
354
354
359
370
366
357
416
357
381
411
359
363
375
357
363
353
353
358
355
376
362
370
360
364
361
364
369
361
381
365
360
353
365
359
376
362
362
371
353
360
352
359
359
348
357
353
354
361
355
361
355
362
368
352
353
352
355
351
357
385
373
356
352
353
354
353
356
352
359
351
347
355
354
351
354
348
366
362
367
369
424
372
363
358
352
355
349
360
358
362
363
363
363
361
372
360
361
354
354
352
352
369
371
358
357
353
360
352
356
356
355
357
354
372
358
354
348
354
357
351
351
357
355
350
376
347
355
356
359
351
363
376
365
366
379
357
349
360
382
371
368
381
363
373
356
352
356
358
348
355
354
366
363
350
362
431
369
379
377
358
378
354
351
366
380
362
357
362
356
363
354
354
372
388
385
388
368
368
370
357
371
381
361
364
358
355
379
412
368
368
387
373
358
351
357
352
382
376
366
367
351
358
354
358
352
378
368
382
396
367
381
376
394
396
375
407
373
371
409
375
352
387
360
358
349
357
372
421
365
366
360
357
369
360
366
353
350
356
450
341
341
337
344
340
340
342
333
344
338
344
344
344
348
342
341
343
349
345
344
339
341
351
340
345
333
346
345
345
350
341
341
347
346
346
353
339
345
345
339
352
337
345
337
346
340
347
339
352
354
340
341
353
337
352
348
351
353
335
1012
357
357
360
414
374
355
360
356
355
370
372
374
373
371
390
403
374
371
355
356
363
483
380
382
374
381
358
362
356
360
364
482
353
347
351
356
356
359
352
351
345
349
351
351
337
343
355
355
357
343
349
348
348
348
353
344
352
343
347
358
350
339
368
351
355
349
351
351
352
349
357
365
366
340
361
356
361
420
352
1088
361
363
357
370
377
394
411
453
445
439
434
394
454
453
450
458
442
415
407
437
405
427
394
401
370
399
419
398
404
428
387
377
369
370
363
356
368
356
360
362
362
390
361
362
366
360
390
397
400
386
387
384
393
386
412
391
381
369
386
353
372
373
378
379
504
374
370
363
357
356
367
361
358
1479
415
374
392
378
382
379
394
351
441
346
352
344
335
360
342
350
351
345
349
347
347
355
350
346
351
377
355
351
344
351
346
344
350
349
344
357
355
363
374
347
346
351
353
346
345
344
348
346
345
339
354
342
343
351
343
345
1032
375
392
436
363
379
358
356
361
372
360
361
364
358
366
358
361
352
353
350
349
358
359
352
362
357
365
392
382
452
348
348
340
346
348
347
345
342
343
357
339
362
351
339
354
355
348
349
344
352
345
343
357
348
345
352
352
342
350
344
345
353
335
351
348
352
338
342
344
334
345
345
342
357
352
350
346
355
350
408
375
1082
356
358
356
411
396
360
366
358
362
354
371
406
363
369
362
374
353
363
355
371
372
360
355
362
352
462
392
373
375
381
378
376
408
384
403
370
412
366
349
341
348
339
346
338
347
350
345
348
342
348
345
341
352
369
366
345
353
358
349
345
346
339
340
338
341
345
346
337
346
393
342
1074
364
383
384
369
374
372
355
359
372
362
389
363
439
341
353
346
355
364
362
360
356
364
357
353
366
366
351
339
340
356
351
349
347
348
340
344
346
345
347
346
346
348
347
347
362
386
377
381
390
355
369
371
354
344
341
339
342
347
344
344
343
347
346
343
342
345
343
351
354
347
420
353
1076
399
390
357
363
379
365
378
369
375
359
359
364
350
447
347
350
351
341
342
346
349
345
345
343
345
337
343
356
342
350
341
347
340
343
344
350
340
342
336
343
349
346
349
348
345
359
344
346
351
342
357
355
350
348
351
358
347
356
343
344
353
350
346
345
357
344
357
374
350
343
348
431
353
1071
362
364
361
366
378
361
387
364
363
352
359
356
358
450
341
349
363
344
341
347
337
348
343
356
368
363
350
340
348
347
349
354
341
357
348
346
350
347
340
350
356
339
346
363
363
349
347
335
351
352
341
356
349
346
352
357
356
331
355
349
349
355
333
345
345
345
349
339
349
339
349
405
341
1040
374
367
373
376
361
375
377
396
382
356
352
355
355
353
354
349
353
348
358
349
355
357
363
357
353
354
363
353
350
454
349
345
362
343
342
344
354
338
342
336
340
341
334
334
327
343
341
342
347
348
341
342
339
341
344
344
335
349
340
338
342
344
350
353
360
358
348
349
347
354
347
405
349
343
338
342
342
338
348
340
349
333
354
342
342
346
345
355
344
343
347
342
346
342
346
347
343
356
342
348
344
350
343
341
1011
353
358
356
358
352
364
366
355
363
354
358
355
453
346
344
345
350
340
368
340
352
348
344
353
348
346
343
342
351
345
338
353
348
339
354
343
348
347
341
346
423
358
352
1022
371
372
362
368
362
396
379
395
355
364
354
378
359
453
347
365
355
347
351
368
346
349
352
340
354
355
366
371
352
344
336
359
363
347
340
344
332
355
358
346
339
344
349
355
383
386
348
343
352
369
367
1043
357
363
370
369
362
366
361
374
378
354
372
381
376
356
361
432
373
352
373
368
371
454
346
359
342
358
358
373
369
375
370
360
362
358
364
416
341
348
347
339
348
340
352
350
366
357
359
357
344
746
380
375
366
480
355
368
333
370
338
348
339
344
340
347
362
347
352
344
344
343
351
363
350
341
348
350
345
345
348
337
342
349
345
350
353
345
346
347
343
426
348
1054
367
368
361
375
362
366
391
354
357
362
361
363
464
356
368
364
473
342
335
348
343
347
349
343
346
342
335
342
338
342
346
336
710
355
363
362
361
362
363
370
367
356
365
367
365
463
345
346
340
353
715
480
342
350
345
347
353
340
341
336
346
335
350
345
343
365
350
404
351
342
340
719
361
356
358
366
361
372
369
368
352
364
362
364
364
1025
373
376
381
367
362
363
364
381
353
357
354
356
350
362
363
355
358
384
383
377
361
366
376
378
361
358
354
357
360
355
353
361
377
358
370
380
364
358
394
360
363
391
369
384
367
357
388
389
373
356
362
357
443
362
364
366
380
387
377
371
369
371
363
368
360
368
376
362
375
366
451
362
356
364
363
1008
391
357
360
361
374
365
387
354
359
349
350
352
439
344
338
346
341
345
338
994
359
353
355
354
359
357
360
353
350
358
355
357
350
352
356
347
355
370
359
354
363
357
351
355
375
378
414
356
357
354
361
359
359
366
360
362
363
366
377
363
360
354
360
360
369
375
362
370
363
371
354
362
368
362
387
400
374
370
360
360
361
361
359
356
363
365
370
388
365
461
360
362
368
358
360
364
364
362
358
352
360
357
358
1017
370
360
361
361
379
367
365
373
364
357
364
359
362
437
373
353
360
362
361
362
362
362
363
362
354
364
354
358
361
361
361
362
358
361
362
354
364
364
355
365
358
362
357
364
359
363
362
362
357
361
455
361
360
363
356
360
354
356
356
358
359
357
356
359
357
358
355
357
359
355
357
355
353
362
362
358
359
355
362
355
359
355
357
1020
362
363
442
365
359
355
360
382
351
349
351
350
349
351
350
360
351
355
349
352
355
353
352
352
351
353
352
357
353
350
351
356
437
344
336
349
347
343
336
342
336
340
344
346
347
344
344
332
347
338
338
709
362
362
353
357
357
356
358
360
467
345
338
342
337
1048
376
364
364
369
375
372
358
356
422
367
367
378
369
368
372
358
358
358
372
357
365
367
369
359
349
352
352
349
352
352
352
352
350
368
353
365
352
352
353
359
354
348
357
349
350
350
349
362
353
360
360
360
354
351
353
355
360
359
350
354
354
353
348
355
349
358
354
354
356
352
352
353
350
351
350
356
353
348
351
353
346
353
347
404
354
353
348
351
354
350
373
356
352
354
361
369
362
358
374
350
361
379
349
358
357
357
350
350
349
352
354
353
356
348
356
352
352
350
349
359
348
357
357
360
358
349
352
358
349
350
355
351
355
351
354
353
354
356
355
352
354
352
380
354
352
350
355
352
350
355
348
359
349
353
350
350
348
349
348
520
356
352
347
360
358
353
354
364
352
359
355
356
353
349
354
356
360
351
353
349
355
355
349
351
352
358
364
349
365
352
358
367
370
354
355
354
354
350
358
350
405
357
366
364
364
357
356
358
375
364
378
370
373
415
396
372
367
379
361
365
357
360
354
366
348
356
349
359
358
354
362
363
355
440
365
355
348
357
355
352
352
349
357
352
351
349
355
357
347
351
351
354
349
357
351
351
356
350
349
354
354
350
350
352
355
349
351
359
356
353
357
361
356
357
356
353
350
349
356
353
351
352
355
352
351
353
351
357
349
351
349
349
355
354
351
355
350
355
353
356
358
358
362
353
361
361
364
372
492
374
361
360
376
358
359
380
372
365
358
352
356
354
355
352
354
354
353
347
356
349
352
354
356
358
361
353
360
354
368
350
358
348
348
358
352
351
353
352
348
352
349
347
359
354
349
352
359
353
352
351
355
356
354
378
359
354
358
352
351
350
358
354
355
353
351
356
351
348
352
347
355
352
353
354
449
361
362
356
355
352
351
350
353
348
355
351
351
350
353
353
348
355
353
353
351
352
368
354
352
353
358
357
358
375
359
385
355
347
351
355
352
352
350
351
352
349
358
354
350
356
352
355
355
352
357
355
348
351
351
361
357
356
357
363
354
359
353
352
344
345
358
351
356
352
352
350
349
351
351
449
370
356
350
353
353
353
356
347
352
350
350
351
358
358
350
352
358
358
360
348
350
357
351
349
357
350
355
351
357
354
351
357
356
354
358
352
353
362
350
447
345
344
344
340
344
338
346
343
345
345
340
344
343
345
334
347
344
347
336
346
342
340
347
345
337
343
341
343
339
343
341
339
343
341
339
346
416
344
335
343
342
341
340
334
345
340
338
345
346
342
340
341
347
341
337
345
347
342
343
348
339
344
342
342
339
343
338
340
339
1007
353
351
354
350
357
354
372
357
353
357
350
359
440
351
344
347
340
342
345
346
342
340
339
343
344
347
343
337
339
344
335
349
341
345
337
342
340
342
341
341
342
418
1009
358
354
356
353
360
355
352
357
344
358
354
352
352
353
352
351
356
352
354
349
350
358
349
358
448
342
346
342
339
335
346
337
349
339
347
341
347
343
341
346
342
341
349
340
339
343
337
344
341
343
341
343
338
343
1037
354
349
354
351
356
351
368
375
379
368
351
363
355
391
356
531
352
348
337
344
342
346
341
349
349
335
348
341
352
344
347
344
341
338
343
348
342
345
336
348
345
342
338
345
342
345
348
339
344
349
347
346
343
341
345
340
333
344
334
343
345
342
340
346
345
338
346
338
348
340
342
341
339
347
344
347
339
341
342
338
345
344
339
351
343
351
335
352
347
344
342
345
347
403
352
348
344
340
343
347
337
345
343
348
349
337
344
342
344
345
348
347
347
345
343
343
345
343
354
341
347
336
343
340
342
332
344
340
339
342
340
342
344
344
342
339
342
336
348
346
347
350
338
347
333
374
348
363
998
353
350
352
352
356
338
365
355
357
346
352
355
345
357
357
450
336
344
341
406
342
337
343
336
345
346
338
343
339
345
336
347
333
344
342
345
333
345
342
345
344
346
337
347
346
341
338
343
339
347
349
338
346
339
342
345
367
339
344
340
341
342
336
343
336
340
330
347
336
338
341
339
344
336
342
342
342
337
340
342
341
340
340
343
347
338
346
341
343
337
341
341
335
348
336
369
343
391
352
1008
355
351
353
354
349
349
354
349
344
348
351
430
344
346
337
344
338
347
345
339
336
343
345
343
347
336
341
332
340
342
331
348
328
342
342
343
337
340
341
344
337
344
342
994
346
349
354
349
349
349
358
356
346
357
348
350
347
350
350
351
355
346
352
350
350
352
348
352
347
364
351
422
351
348
356
350
353
352
355
350
353
351
352
346
357
352
442
345
336
344
331
345
340
347
342
345
348
340
343
345
343
341
348
338
345
342
341
341
340
342
344
343
345
347
334
346
339
348
347
342
336
343
331
345
340
347
339
342
340
339
342
347
335
1001
350
350
348
350
351
356
348
355
357
353
353
350
408
440
338
342
341
343
345
344
345
347
344
341
340
341
346
347
341
346
341
713
357
462
341
348
343
340
339
343
360
343
338
339
336
339
328
331
340
338
336
341
342
332
346
336
339
340
338
337
343
340
332
343
338
336
338
342
338
337
340
338
336
341
342
332
343
336
343
332
331
340
338
337
342
341
340
334
342
1061
350
356
351
354
352
355
357
350
353
350
347
352
442
345
333
344
342
344
342
344
334
342
341
352
355
339
360
344
339
334
341
342
332
344
340
336
342
338
343
330
329
333
336
343
331
344
338
345
329
327
332
339
340
334
341
342
331
343
338
345
339
340
340
340
333
344
327
1005
352
347
356
356
352
410
352
355
348
353
352
353
349
349
356
347
353
352
353
352
348
354
347
356
442
340
338
338
341
340
335
344
331
332
339
339
336
340
341
334
343
338
345
339
340
345
367
350
345
369
346
345
350
351
350
332
349
350
342
347
356
352
352
355
353
346
351
347
362
357
337
348
356
345
347
339
339
340
340
335
342
336
391
338
1006
357
351
344
353
356
353
350
357
351
348
353
351
352
354
353
348
357
354
355
439
342
333
344
332
326
330
341
340
341
336
341
341
342
343
329
340
340
339
343
336
339
341
342
333
343
340
335
327
332
337
341
337
345
333
345
343
346
337
343
341
339
342
345
343
338
340
340
335
343
336
345
332
346
388
352
340
338
340
336
341
339
339
342
339
336
338
340
341
336
345
339
335
342
344
340
336
340
343
1003
355
351
345
353
350
352
360
356
348
352
352
438
341
340
336
342
345
330
339
342
334
342
339
340
340
339
338
342
341
344
336
343
331
330
346
336
344
331
343
339
341
339
345
340
344
336
330
328
339
341
507
331
342
343
339
340
348
347
342
347
342
342
346
331
343
342
343
339
336
344
344
334
343
338
346
335
346
342
363
341
339
340
336
337
342
340
345
339
339
341
342
337
343
334
344
338
343
340
343
339
347
337
349
348
342
342
338
342
333
346
343
343
336
339
329
329
343
338
342
341
337
340
339
340
337
343
339
342
370
348
338
336
344
336
339
343
345
336
327
328
344
343
347
346
350
344
350
347
345
346
344
348
348
365
336
339
340
338
339
340
334
341
344
330
344
339
336
340
343
336
339
339
340
335
341
339
344
341
339
345
338
338
342
340
339
345
340
342
345
339
339
340
336
345
338
338
340
341
339
343
334
343
339
999
349
420
366
350
352
362
367
352
349
362
358
354
350
352
354
441
340
340
342
340
347
341
339
347
345
348
337
351
345
343
347
343
346
348
341
346
342
338
343
350
335
347
341
343
338
360
332
339
339
335
341
343
332
339
341
334
327
340
341
336
343
338
338
328
327
343
339
337
340
338
331
329
343
334
340
342
335
344
342
418
340
349
341
341
351
349
344
345
333
346
371
332
343
335
345
339
342
332
344
339
336
339
343
334
340
340
339
339
338
344
338
342
342
344
345
344
339
344
343
340
328
331
341
343
336
339
338
343
329
339
341
340
336
330
341
344
340
345
338
341
339
336
348
340
336
340
343
340
371
342
350
346
342
335
342
343
334
408
351
338
348
342
339
342
343
335
344
338
337
342
336
339
347
332
341
340
337
343
338
340
346
341
337
344
339
339
341
338
338
340
336
343
336
343
339
344
339
1007
354
355
348
355
362
351
369
357
345
356
357
354
438
342
343
343
348
345
334
346
344
344
341
345
346
343
344
342
346
343
339
343
343
341
345
405
344
347
344
341
345
340
347
343
346
344
347
343
340
335
343
343
343
340
344
340
345
345
340
345
339
348
342
345
344
348
344
339
349
336
340
336
346
343
336
339
343
341
341
338
348
341
342
340
338
343
349
343
345
351
342
342
347
350
340
345
345
339
348
345
340
343
345
338
339
347
345
337
342
342
339
349
334
413
345
359
344
339
344
332
347
341
348
332
340
343
339
330
334
347
342
339
343
339
337
342
340
340
339
343
340
343
345
336
346
336
345
340
343
342
343
337
347
336
360
339
335
344
345
345
343
345
332
339
339
347
342
348
342
347
340
343
342
338
339
337
328
1006
355
351
348
357
357
354
351
357
385
363
354
413
442
368
343
335
343
335
343
340
341
989
354
365
355
359
348
352
352
355
343
356
351
436
341
338
340
342
339
340
336
344
338
341
342
342
338
343
336
349
334
345
339
341
342
341
342
341
333
335
342
340
341
339
340
337
340
332
342
337
345
336
340
336
343
338
343
336
343
337
341
341
344
342
342
338
350
410
338
338
341
343
332
349
338
344
330
337
343
332
338
337
344
333
329
338
334
344
339
341
340
336
342
339
342
338
340
344
342
340
345
337
341
343
339
335
336
336
347
341
332
334
343
339
340
337
338
341
344
340
335
331
340
338
340
335
342
336
343
336
339
337
347
333
344
339
337
332
342
340
343
343
349
342
342
374
356
336
342
340
334
335
340
337
341
331
328
328
327
339
341
341
348
342
339
344
334
344
336
343
336
342
339
343
337
323
351
339
341
345
339
341
341
337
343
345
335
350
342
348
339
345
339
341
341
344
338
330
328
327
997
346
357
350
355
350
352
353
355
357
351
354
352
352
355
351
352
356
352
352
353
341
399
348
349
355
349
435
342
342
340
342
330
343
336
339
329
341
338
327
347
343
346
340
346
335
346
339
340
336
343
337
342
337
346
333
346
338
341
340
342
339
347
342
341
341
344
349
340
340
362
344
334
344
340
340
336
330
327
327
327
343
339
336
341
336
342
336
339
338
343
340
1001
355
351
351
351
352
405
361
347
354
348
353
350
436
337
343
344
335
344
345
338
339
336
339
344
333
344
340
336
340
338
383
335
343
336
339
344
341
336
344
338
336
341
338
341
335
340
340
342
333
343
341
337
336
348
338
336
341
327
338
334
341
343
345
334
341
344
336
343
342
336
341
340
334
343
335
339
339
336
341
339
341
336
340
376
351
333
346
337
350
353
1014
351
372
344
356
355
347
354
354
353
347
355
349
438
997
356
348
347
356
346
352
350
450
340
339
337
342
339
327
327
343
336
345
336
343
342
339
341
342
332
346
334
343
336
339
341
332
329
342
337
342
340
334
341
343
332
344
338
342
337
343
332
344
339
337
339
338
407
338
992
353
353
354
352
357
353
356
350
348
357
358
345
351
355
348
352
358
354
351
353
371
355
435
329
327
327
337
342
332
343
339
339
344
338
340
339
340
341
340
336
340
343
336
341
339
337
341
337
345
333
344
339
336
342
337
341
340
337
328
335
336
343
334
342
341
346
331
346
337
337
340
339
340
381
342
339
338
337
343
340
333
345
338
336
341
339
340
338
340
362
347
342
339
369
343
349
341
343
368
350
1015
357
369
354
357
366
365
360
358
362
367
358
453
362
347
327
343
329
327
343
336
339
340
337
338
343
340
337
343
338
340
340
334
340
340
342
338
341
335
343
336
344
344
338
344
340
342
341
382
356
1006
355
356
352
351
356
353
350
355
351
356
348
354
352
354
349
350
355
347
355
352
350
353
352
358
351
354
353
352
347
361
358
357
348
357
351
364
350
351
374
396
356
349
351
353
440
347
341
348
344
341
347
337
344
332
345
336
348
343
344
335
345
341
344
349
349
336
343
350
338
347
344
339
407
354
348
341
344
341
340
350
342
336
341
338
341
339
344
341
349
349
337
345
341
343
341
342
345
347
347
347
709
359
476
343
345
344
343
341
342
341
365
346
345
334
344
337
347
340
337
341
345
335
348
343
366
339
336
344
342
345
341
347
342
351
346
340
347
344
343
341
348
336
344
336
344
334
345
345
403
356
338
346
336
349
346
339
338
345
345
334
342
345
343
345
347
343
344
341
342
341
345
344
349
343
1003
358
354
350
351
350
355
351
356
361
352
351
356
349
351
357
350
459
361
712
357
460
344
343
343
340
344
344
338
346
344
342
342
339
344
345
344
342
341
344
339
345
335
344
337
340
340
338
407
351
342
341
349
343
339
340
343
339
340
340
343
340
339
337
342
340
343
338
340
347
345
343
338
342
338
346
348
342
339
349
347
338
349
334
344
338
339
342
342
343
338
344
339
342
345
337
348
345
344
338
344
338
345
350
342
340
347
344
338
346
333
347
338
339
341
345
340
341
340
345
343
324
342
343
342
337
403
362
349
343
348
336
360
336
341
343
340
342
338
347
343
342
337
345
335
343
339
336
340
338
346
344
334
343
340
337
340
338
339
342
340
337
343
332
344
340
344
341
339
340
377
336
344
344
341
345
348
343
346
337
346
345
349
341
341
342
350
350
342
348
341
341
338
344
344
340
342
337
342
339
337
340
339
345
338
425
348
343
338
341
339
339
342
346
345
369
344
338
343
346
340
341
337
341
340
345
340
336
343
338
339
344
343
333
343
337
336
338
345
340
343
337
341
341
337
343
348
343
343
347
340
341
342
341
1004
347
351
356
343
354
351
358
354
351
355
350
349
450
340
340
343
343
340
350
345
341
345
349
343
347
395
350
344
341
347
348
338
344
336
345
337
344
340
347
337
342
370
332
343
340
339
337
340
339
339
341
336
339
340
340
338
342
339
343
332
345
334
345
333
348
337
342
338
348
342
344
341
343
334
348
338
343
341
337
344
338
340
339
340
343
341
341
345
343
336
340
341
345
347
342
340
1029
361
355
365
368
436
380
390
369
400
383
363
363
369
353
443
341
344
350
343
340
344
348
369
334
345
340
345
339
334
344
344
336
344
343
343
341
344
341
346
335
341
341
341
337
341
1002
351
349
349
356
353
353
358
357
349
350
349
356
338
352
348
359
357
459
343
349
349
341
343
339
348
341
344
341
360
342
340
336
378
348
339
347
341
342
342
335
346
349
341
340
335
344
344
345
344
334
340
345
343
344
343
347
342
340
348
343
339
341
342
348
342
338
348
348
343
340
342
349
351
342
342
338
348
343
339
343
338
341
339
343
343
346
340
343
347
341
341
337
344
347
339
347
343
342
350
349
346
340
346
347
346
342
339
340
343
341
343
399
339
346
337
344
342
339
341
344
344
339
341
346
337
346
341
344
345
342
342
348
354
351
340
343
339
347
332
345
341
342
359
340
336
341
338
337
339
343
335
344
340
343
337
342
339
344
336
339
348
343
341
344
343
343
341
342
340
338
339
342
341
341
343
340
339
347
336
342
337
343
341
337
340
340
335
346
335
390
343
339
341
337
348
341
335
344
343
346
343
338
348
340
350
349
352
720
479
346
337
342
340
356
374
370
364
367
338
346
719
401
413
412
407
385
406
390
502
339
348
355
364
387
355
340
345
343
356
345
353
346
719
480
358
345
1009
396
373
356
348
350
353
358
367
357
357
353
539
368
455
347
345
348
355
346
344
345
348
342
363
344
363
377
359
349
363
340
340
345
343
344
344
340
341
337
351
350
340
346
336
349
339
352
343
349
345
340
350
343
354
347
342
343
345
346
347
345
348
344
348
345
348
348
343
347
343
338
349
340
348
347
715
476
345
343
348
345
348
345
343
345
345
411
358
1009
351
351
351
352
351
348
353
360
349
358
350
359
441
342
336
346
336
340
337
348
336
346
338
342
341
344
341
348
340
342
347
341
335
343
337
343
340
348
341
344
343
342
339
337
341
339
339
337
340
341
340
340
1010
356
354
350
357
356
358
357
348
351
355
350
354
454
344
341
343
348
392
347
344
1025
360
351
351
353
353
355
350
349
352
351
361
350
355
350
353
355
432
346
339
347
340
342
335
342
342
339
344
348
338
346
346
339
344
339
343
343
338
341
344
335
348
341
334
342
347
344
338
343
346
345
344
344
343
344
347
346
366
396
357
359
369
348
337
351
347
344
341
346
346
343
351
417
1011
355
349
356
359
356
350
353
351
357
351
348
356
352
347
355
349
360
352
354
354
350
350
351
443
340
343
341
335
346
341
348
339
338
343
343
337
344
342
344
347
343
342
333
347
335
349
341
334
342
337
342
339
346
349
342
342
1006
357
351
355
352
354
348
361
353
366
351
349
356
459
345
405
344
338
345
1002
369
356
347
355
351
357
436
335
348
342
344
338
340
338
340
344
341
347
345
341
1002
357
352
353
355
357
352
353
353
350
353
350
355
345
352
348
350
349
359
350
355
356
351
348
352
355
352
349
355
355
350
350
356
349
351
354
349
354
350
397
367
360
366
360
363
362
359
538
359
396
365
363
370
363
364
367
356
362
357
354
373
367
360
380
360
355
355
350
349
350
356
356
345
355
354
349
356
354
353
352
350
355
352
348
348
357
352
355
354
353
355
349
363
350
354
389
380
380
355
349
353
351
353
351
347
355
354
350
349
355
351
350
350
356
345
356
361
348
363
353
354
354
407
348
357
349
359
351
348
375
352
350
352
358
354
352
353
358
352
351
352
354
349
351
354
352
345
352
353
348
355
353
351
347
349
357
345
356
354
346
355
348
353
350
355
356
351
349
357
353
350
353
352
357
353
358
353
350
356
355
348
349
355
351
354
350
349
363
350
355
355
353
359
351
355
350
351
416
361
366
349
352
355
354
355
358
346
359
355
357
352
355
352
361
350
355
356
371
354
348
346
359
352
350
352
349
349
354
350
351
355
346
356
342
344
354
352
356
352
352
353
350
349
350
351
349
352
354
349
351
355
346
348
349
357
349
351
355
349
353
348
354
341
354
353
347
354
350
352
349
356
352
352
421
366
362
349
368
349
352
350
348
353
355
353
349
351
352
348
351
354
373
353
349
349
352
352
348
356
350
354
349
357
347
355
347
355
346
347
348
354
356
362
352
356
345
358
344
356
351
347
355
349
352
352
350
351
350
345
351
353
348
357
348
355
352
354
350
348
343
351
356
350
351
349
356
353
331
357
407
367
344
360
352
359
350
363
354
349
354
357
350
349
351
444
347
343
338
344
339
338
343
343
344
350
347
348
349
344
340
350
345
351
333
350
346
363
343
331
344
338
342
337
335
341
338
338
341
343
335
346
334
343
339
345
337
340
343
342
350
356
346
343
345
342
336
343
339
340
341
335
345
336
342
343
335
340
372
343
335
344
338
342
336
342
337
344
341
350
335
348
345
339
341
343
344
343
344
338
342
336
344
334
369
332
345
343
343
342
339
345
340
341
343
336
344
338
340
342
336
341
342
335
344
339
1002
354
350
353
352
348
357
351
363
360
359
348
354
355
457
346
362
342
334
348
339
345
341
344
344
344
345
337
402
343
343
336
343
345
350
338
344
348
338
344
338
347
342
338
341
352
342
341
352
340
342
346
337
347
718
473
347
339
340
336
347
343
367
339
341
340
334
330
342
340
338
344
343
335
345
340
345
339
342
340
342
342
346
338
346
346
333
344
329
340
344
341
343
340
337
341
345
341
339
342
338
341
1049
363
352
350
351
357
350
357
353
355
350
357
347
356
356
359
347
448
344
343
338
341
348
343
345
343
345
334
349
340
345
345
342
343
340
345
364
341
340
339
337
347
339
341
336
345
339
344
338
343
342
342
345
363
349
346
343
346
332
346
339
335
346
345
339
340
336
345
339
343
340
341
341
340
336
343
340
341
415
339
342
345
349
343
348
335
352
344
346
344
335
347
343
346
348
344
347
337
335
342
343
339
338
342
365
348
337
353
340
349
346
338
349
343
346
344
352
344
373
334
345
337
343
343
343
338
1000
357
348
353
354
348
354
357
363
350
351
351
351
349
348
355
353
348
343
356
343
359
354
349
351
353
357
383
354
440
342
336
344
338
336
345
342
342
335
345
339
344
340
341
346
331
338
339
336
343
332
344
338
340
340
336
341
335
341
337
336
341
343
339
347
341
340
342
345
339
344
339
338
338
341
339
339
341
347
341
344
341
342
343
338
343
344
343
331
344
341
342
340
335
339
340
342
340
344
356
339
339
346
341
340
392
350
346
337
343
340
338
343
336
342
344
339
345
336
343
337
347
337
350
363
334
343
349
341
340
344
345
344
337
344
366
318
351
343
333
342
344
340
343
343
342
339
336
341
343
331
344
339
340
339
341
340
344
335
348
338
343
336
339
329
337
332
337
345
1006
350
350
356
358
361
351
364
353
357
353
379
424
350
339
358
340
346
444
339
339
343
336
343
328
332
341
340
341
339
336
340
343
336
331
346
346
337
344
333
336
350
344
336
332
341
332
328
341
336
339
343
341
347
338
341
340
338
339
344
341
334
344
339
342
333
346
336
340
344
339
342
341
342
341
337
345
330
346
336
344
332
344
340
347
344
1010
348
356
415
355
348
353
375
357
349
348
351
357
344
354
355
365
356
347
359
349
354
358
450
346
347
341
346
344
334
344
341
349
343
346
340
340
342
342
338
363
341
340
341
332
343
344
343
344
342
336
347
342
349
336
341
335
341
339
345
340
342
338
342
339
340
336
344
336
339
342
334
339
340
335
327
327
345
342
342
376
345
1004
346
356
353
348
352
356
352
348
354
349
353
351
433
339
341
342
333
344
341
340
339
346
339
343
332
346
340
340
337
343
338
337
341
343
334
343
344
339
340
343
338
340
340
339
336
342
343
336
338
341
341
339
340
337
343
333
344
340
341
338
342
336
336
343
339
342
338
345
341
340
339
341
338
391
348
990
353
355
350
348
362
351
353
352
353
348
350
349
355
350
356
348
358
441
344
339
346
342
342
335
346
336
343
341
349
341
351
346
339
342
361
342
338
339
340
340
334
343
338
338
340
345
339
342
332
343
340
336
342
340
334
341
331
340
344
332
344
327
327
344
338
342
337
343
336
340
342
342
343
399
341
995
352
347
355
351
355
349
354
353
351
351
351
349
352
350
356
346
354
351
349
351
449
340
337
341
338
340
341
340
339
343
336
342
338
343
337
342
343
346
337
346
346
340
343
342
346
336
342
340
340
343
348
335
346
336
341
342
342
341
345
337
347
343
342
340
339
343
341
339
342
338
340
343
347
429
343
1010
354
348
356
355
346
356
350
357
355
351
349
357
349
350
355
352
348
371
351
352
351
352
351
349
351
443
339
339
338
345
339
338
336
342
341
338
336
341
359
362
346
349
359
345
346
342
350
358
345
348
356
348
353
364
345
345
359
353
355
350
347
363
349
346
360
348
350
339
359
343
340
376
370
1000
354
355
348
352
351
357
346
356
354
350
355
355
352
348
348
356
351
362
351
359
353
342
356
443
342
333
342
340
337
341
343
331
346
338
338
340
336
342
337
345
341
342
336
340
337
344
338
345
332
345
338
339
337
341
335
347
334
347
336
342
342
339
343
349
341
334
341
346
340
339
340
336
343
420
349
343
343
341
339
345
338
356
347
353
365
327
343
338
336
341
344
338
347
336
344
329
335
340
345
361
346
351
337
346
342
347
352
344
338
339
347
341
342
339
339
338
348
337
337
340
334
344
339
335
342
340
343
338
341
341
341
342
339
337
345
345
344
337
341
340
341
342
335
346
340
341
340
342
333
347
340
381
341
340
338
336
340
344
337
342
347
345
344
343
335
343
339
340
341
338
337
342
340
339
338
328
331
337
341
346
337
340
343
345
340
334
327
327
343
336
343
336
337
343
346
338
342
333
336
345
340
344
341
342
338
341
336
344
348
344
341
341
343
331
347
336
343
340
336
345
337
341
342
342
347
332
343
340
337
344
392
342
339
340
336
342
337
346
347
343
348
341
349
344
345
349
338
344
369
340
343
341
340
336
343
338
337
344
344
336
342
340
338
343
346
340
344
334
343
339
337
343
345
343
340
333
344
340
342
334
341
338
342
337
339
343
345
336
346
342
342
339
344
340
345
338
343
331
332
338
342
340
334
344
330
340
340
336
400
336
345
335
344
337
345
336
342
345
340
344
338
345
341
342
339
369
329
329
341
337
339
338
337
340
339
342
342
335
348
339
1009
350
352
356
350
355
344
347
354
350
352
352
351
338
352
352
348
352
351
346
350
356
347
350
350
349
354
351
350
350
357
352
347
355
349
353
351
353
351
346
356
348
354
352
432
352
355
354
359
359
358
354
351
356
352
355
352
356
356
353
349
355
351
375
354
349
354
360
356
351
350
351
355
350
355
347
355
350
353
445
346
339
340
344
339
347
340
339
340
342
341
336
339
337
343
342
340
338
343
336
339
336
336
339
343
338
334
343
338
339
341
340
342
333
340
343
350
346
350
342
347
366
341
344
341
345
334
343
335
341
337
340
341
339
337
345
330
341
342
341
341
341
343
350
340
349
343
348
342
346
339
334
339
338
337
338
341
341
336
341
343
341
336
337
338
344
342
342
340
337
338
341
343
332
344
339
340
336
343
337
338
341
333
337
342
343
341
341
338
345
348
339
336
334
349
340
334
339
333
392
355
335
344
348
333
345
341
334
341
334
341
343
332
347
339
336
340
342
341
335
337
340
342
346
338
351
330
338
336
342
342
340
343
339
336
341
341
337
345
339
339
341
336
339
343
338
343
341
342
337
336
329
327
330
342
340
337
335
336
345
342
339
351
336
343
337
344
343
344
336
339
343
339
341
336
339
340
342
363
342
342
340
338
339
343
336
341
344
342
343
360
340
343
347
338
342
330
344
342
336
341
342
338
337
341
330
342
337
338
341
341
337
335
337
341
342
338
343
340
335
343
340
337
342
339
345
336
344
336
343
336
343
332
344
343
337
344
336
342
344
339
341
344
343
341
341
342
344
340
341
331
331
329
339
337
339
340
390
349
343
358
339
342
340
337
341
341
334
399
340
338
336
344
342
352
340
365
343
338
344
341
339
339
340
336
344
341
340
335
342
339
339
341
341
340
335
343
335
343
337
340
352
367
342
1015
347
355
348
351
360
354
359
347
352
352
347
355
352
352
351
353
349
353
354
349
356
353
350
355
357
351
351
404
374
350
381
346
352
358
349
352
448
341
344
342
342
339
345
332
343
332
344
339
344
339
339
341
340
339
341
347
343
345
346
343
340
345
363
1000
351
351
350
357
359
370
360
354
348
355
357
357
358
347
456
344
341
341
337
343
340
336
1007
348
355
351
350
352
438
342
332
345
340
344
341
337
418
344
341
345
349
344
348
339
342
339
341
344
337
341
333
346
336
343
338
343
361
337
337
343
340
348
361
341
337
340
344
340
342
352
339
341
339
331
349
341
345
340
345
339
342
351
336
330
345
340
337
343
340
342
327
339
343
337
346
337
346
338
342
328
327
353
344
346
342
338
344
1014
353
360
347
357
396
368
347
355
354
346
356
351
347
441
340
340
340
341
340
343
335
342
336
339
339
342
337
342
342
336
334
343
346
339
339
341
335
1035
351
349
350
355
355
351
354
359
356
353
348
350
352
439
342
354
362
382
366
1038
355
386
362
343
355
346
350
356
442
341
343
334
339
336
342
340
334
341
1142
1034
372
373
376
403
377
373
403
389
394
1012
369
363
366
376
398
995
373
355
349
352
351
346
352
350
353
351
351
355
349
351
355
345
355
355
350
351
349
356
349
352
350
350
350
355
357
379
353
345
352
349
352
352
349
354
350
355
349
349
357
348
352
350
355
346
349
354
397
355
353
349
350
351
351
351
349
351
352
350
350
347
354
352
348
352
352
