4091
1975
4114
1982
4077
1977
1929
4083
1997
1992
4098
2001
381
8779
1934
4094
1915
392
1916
1909
1988
4092
5210
4044
4022
4034
4037
380
4033
5229
4045
4069
1986
4079
1926
4108
1974
4017
402
5224
4096
4092
4113
4098
4095
5252
2006
3788
694
1937
1923
4075
4089
5263
4085
1965
1988
4079
1675
693
1938
4076
4095
5236
1933
5279
1984
1977
4190
4083
5223
1983
4097
4957
685
4095
5340
1990
4119
5226
4071
1916
4075
4046
370
1920
5251
2002
4090
1918
2005
4173
4113
5657
1831
4071
4089
1916
8131
1980
3835
2284
1928
1967
1978
1921
4090
1985
1989
4074
374
1994
1974
4040
3987
4018
4023
4020
4014
375
7764
4032
4019
1956
1904
2000
1925
4097
4057
393
4050
4092
4094
4083
1914
1929
2085
4088
389
2072
4090
1913
1909
1981
4069
4080
6659
1935
4075
4081
1913
1979
1624
675
1966
1989
7616
1882
4087
4083
4069
1981
4080
1923
1916
3783
688
4086
1979
4126
4066
1952
4080
5475
4048
1969
4092
1925
1607
681
4073
4072
3186
4097
1928
1980
4073
1664
680
1990
4073
1968
2023
4027
1927
1983
4092
1973
1673
689
4084
3881
5295
1934
4081
4082
4081
376
1930
4089
1923
3112
4032
4030
4014
4018
4041
375
4036
5153
4029
4030
5264
1928
4071
1676
382
3161
1921
1926
4099
4094
4085
4102
4191
1922
1964
375
1970
1973
4089
1980
1977
4072
1929
1907
4113
403
3962
1922
1966
1966
4086
1931
1977
4074
1676
698
1946
4070
1910
1922
4078
1928
1927
4089
1932
380
1972
4091
5224
4085
1978
4065
4115
1681
673
1918
3124
1916
1962
1930
4071
4072
1921
374
4091
1911
2029
4132
4098
1916
4080
1937
1974
4075
1924
380
4066
5191
4099
4094
1919
1988
4078
1615
674
1938
4051
1969
1933
4087
1954
1964
368
4077
1955
1974
2016
4151
4028
4016
4003
4005
366
4012
4047
3971
4028
4034
1960
4076
366
1904
1967
5738
4036
4095
4097
4135
1919
1925
376
4104
4045
4078
1929
4088
1931
1985
4077
1927
381
1963
4117
4086
1922
4124
4073
1974
4084
2005
1993
3787
686
1980
1906
8104
1921
1948
3772
2006
652
5220
4075
1926
2266
1748
1970
4073
1917
1955
4203
4039
1931
4087
1923
1915
373
6236
2002
4065
5235
1928
4076
4087
1928
4085
1666
1846
4078
4088
1972
4081
4094
1934
1923
4100
383
5238
4066
1974
4073
1918
1895
4073
1930
387
5226
4029
4038
4026
4024
4024
4037
3682
687
4032
4029
4035
1929
4070
6027
4096
4085
3798
692
4089
4093
4119
4050
4081
1923
4066
4073
379
1924
1947
4101
5232
4074
1914
4082
1933
380
1981
4089
1939
5233
4077
1925
1930
4082
5587
375
1979
1936
4104
4033
1983
4088
1985
1932
4061
381
5307
4086
1922
1903
4065
1964
1909
3810
688
4129
1892
5212
1926
4140
4087
1919
4079
358
1928
6034
4092
1986
4069
1927
1975
364
4073
1959
1986
4036
1979
4018
1670
677
4070
1912
1922
4065
1944
1937
389
4054
1914
4021
4018
4013
4024
4093
3991
12161
4271
4074
1929
4055
1910
383
4050
1923
4088
1911
1922
1918
1929
5317
3784
687
4041
4079
1981
1998
4088
1981
3104
4084
1976
3782
681
4081
1923
4090
1984
2044
4097
4073
4027
1932
1918
1666
695
4093
1989
1930
4076
5218
1915
4075
1979
369
1968
4068
4087
5206
4075
1912
1664
375
4115
4068
1916
4097
5233
4080
1985
370
4075
1918
3084
1923
1965
1922
5229
1935
370
4020
4082
1912
4072
1905
1941
3771
649
5223
4067
1913
4074
1910
1963
377
4090
5218
1975
2005
7689
4064
704
4116
3997
3979
4023
4035
4040
4087
1974
376
5298
1922
4095
4095
4101
4171
4098
4079
3787
681
4072
4076
1983
4087
1914
1966
4098
1929
1971
1638
682
4070
4061
1934
4033
2014
1946
4040
1681
679
1975
4080
1932
4097
1916
1974
1935
4102
4921
682
1902
4013
4077
1966
4064
2006
1932
4089
375
1921
1916
4082
1923
1964
1958
1952
1653
683
1924
5330
1986
4092
4029
4076
1976
4111
4084
387
5238
1995
4073
1961
1915
4081
1971
361
1969
4086
4040
1921
4057
4071
1968
367
4079
5333
1933
1906
4064
4019
4034
4019
4027
3774
659
3980
4025
4028
4031
4040
1934
4084
385
5215
1931
4049
1926
1917
1928
1943
4126
1927
1903
371
4068
4069
7942
381
1939
4102
4095
5216
1943
4082
1986
2004
1973
374
4084
1933
5219
4058
4084
1925
4061
1598
671
4074
3224
4078
4080
1966
4068
4060
1928
379
4101
5216
1979
4075
4019
1988
4096
1926
1611
702
4109
5233
1906
1962
4069
1960
1907
379
4081
6903
1974
1965
1928
4092
1941
1931
4092
1683
682
2003
1912
1931
4094
1930
1922
4068
4082
1974
373
4124
1955
5209
1916
1966
4094
4085
4027
374
4042
3973
4017
4042
4024
4031
4023
4092
391
5222
1939
4081
4043
1902
1913
4092
4098
390
4061
4101
4088
1974
1911
4068
1987
1921
399
4049
1987
1988
2004
4129
4078
1918
4077
1933
5398
1969
1915
1715
679
1968
4081
1967
4025
1929
4093
5222
369
1971
4092
4027
4083
1975
1966
1909
4057
1964
364
1914
4073
1961
1977
4075
4086
1944
3766
686
1975
1927
4067
4074
1919
4093
9034
1956
4095
1913
376
1911
4060
1972
1910
5334
1979
4086
1979
1679
693
4083
1973
1976
4069
6795
706
1979
4075
1916
1922
4036
4032
4100
3990
377
4017
4028
4036
4033
4026
4076
4044
1990
3779
678
1965
9262
1914
4089
389
4071
4108
4091
4039
1986
1924
9399
4109
1916
1978
1925
374
4131
4074
3180
1925
4091
1923
1973
4076
4083
372
4077
1915
4144
4060
1926
4092
1963
1982
376
4060
1965
4100
5226
1904
1950
1966
359
4031
4011
1964
1903
1933
1992
4056
372
1984
1908
1916
1969
4077
1929
1897
1900
367
1966
4097
5225
3153
7216
4096
1981
1984
3825
644
5213
1972
4078
1906
1917
4071
1615
682
1930
4060
2004
1984
1923
4077
1926
4026
377
4040
4053
3964
4012
4029
4034
4025
4035
3752
665
4041
4079
1973
4082
4045
1921
1918
372
4101
4062
4089
1912
1924
4088
1985
1972
374
4091
5226
4088
1973
4090
1915
4007
4129
1972
373
1969
1910
1972
4070
4062
1914
1911
1663
683
4085
5304
1972
4072
1973
1917
4081
3708
689
4086
5236
1976
4090
1969
1970
4079
360
1920
1915
5261
1974
1919
4084
4361
1920
383
1918
4085
1921
2053
4093
1932
1923
4068
1969
4092
1971
1665
672
4112
1949
5229
4065
4102
1963
371
1949
4029
1977
4089
5217
1912
4087
1610
675
1927
4052
4035
4026
3981
4021
4030
3723
684
4032
4054
3983
1920
1974
4061
1962
1659
669
1911
4031
1915
4111
4057
4105
4082
379
1918
1977
4100
1930
2054
4092
4082
3811
3830
4094
4096
3911
664
4056
4104
4090
1918
4075
4038
1931
4091
3753
682
1919
4081
1915
5314
1990
4125
4101
1971
4113
1979
1673
680
4078
1917
4035
2019
4086
5226
1981
4109
380
1907
4089
1975
1989
4093
5216
1953
375
1954
1925
4090
5659
1973
1987
4058
1932
1956
374
1904
1909
1894
1910
4098
1958
3806
660
5238
4078
1978
4079
4074
1975
4034
7754
4057
382
4037
4038
4033
8065
4036
1924
1921
4085
1977
374
1958
1961
1912
5287
5245
1912
1911
369
1893
4073
1936
1950
1912
4078
389
5239
4079
1980
4138
4075
4026
6083
4101
384
1972
4082
1967
1983
4088
1984
3106
1988
4092
368
4080
1926
5707
4082
1920
1996
4051
1972
1671
673
1911
1979
4075
1903
1927
4076
1922
5554
1968
1965
1967
4082
1972
366
1967
4083
1920
5698
1935
4082
1973
1982
4076
3811
668
9394
4086
1970
1976
4084
1972
1928
4089
378
1926
5211
4077
1977
1914
4075
1983
1617
8140
692
4038
4028
4027
4032
4029
4045
3981
4014
385
4090
1917
1924
1925
4083
4072
5226
1938
373
4090
4084
1898
1900
4060
4117
5235
392
1980
4079
1966
1918
4066
4066
1993
3750
686
4099
1929
1972
4085
1908
1913
4074
6954
692
4079
1972
1917
4026
4131
1957
1972
1977
399
4029
1985
1918
4085
1919
1972
1907
1972
381
4097
1995
5243
1977
1968
1926
4075
3572
4137
377
4146
5239
1922
4073
1922
1916
4074
371
4082
4053
5242
4072
4075
1977
4119
4083
1986
390
4060
1920
1981
4078
1922
1917
4078
1939
1668
690
4055
3983
4082
4027
4071
4029
4021
4010
388
4027
4023
1920
1930
4129
4069
1975
4101
4090
4092
365
4119
4096
4096
4100
5215
1982
4144
4089
1970
375
4088
1928
4055
5223
4119
1925
4090
1973
1665
687
4116
1959
5205
4079
1908
1976
4105
376
1896
1962
1922
4082
5201
1968
374
4116
4066
1965
4069
1914
1915
3740
685
1922
1920
4067
4068
1918
4055
7824
4102
381
1916
4084
1923
1963
4083
1971
4134
5264
380
1929
4086
1980
1978
4130
4116
1949
4101
3786
679
1923
4080
1972
1974
4074
5475
3976
4023
4029
4017
4028
3718
4072
697
4030
4062
4034
4096
1969
1983
5312
1930
1911
3793
676
4150
4099
4106
5297
4028
1938
4121
4089
1666
682
4064
4112
1950
4028
1958
1905
369
4057
4078
1959
4138
4135
4030
4075
369
1978
4080
1957
1910
4059
1969
1973
383
4045
1907
1914
4121
1984
1915
4077
368
1928
1974
4097
3977
1925
8974
677
1999
1907
4090
1968
5240
1960
1922
3768
684
1928
1976
4080
1977
1991
4047
1916
1614
676
1920
1976
4086
1921
1990
1971
4086
1920
391
5204
7266
4076
1987
1973
4091
1945
5239
386
4030
4035
4047
5277
4044
4004
4035
4007
3726
684
1924
1981
4086
7308
1924
4149
4093
4152
4109
3843
654
4031
1907
1899
4063
4011
369
4081
1968
4088
5214
1975
4116
1968
3778
685
1964
1970
4175
4026
1984
4084
1985
1968
379
1959
1908
4087
1967
1922
4035
4081
378
1912
4094
1927
1921
1907
1983
4114
1926
1984
4081
376
1969
1918
4077
1972
1988
4080
1989
1936
385
4044
1924
1889
1949
1909
4063
1912
371
1956
1966
1919
4087
4082
4080
1912
1618
682
4136
4095
1910
3109
4141
1953
2006
4086
4066
1939
4086
2009
383
2003
4056
4031
4040
4041
4046
4037
4045
4018
4029
389
4030
4032
1978
1931
4056
5237
4044
1915
1605
667
4078
4079
4096
4099
5220
1968
374
1929
4071
1977
1919
4069
4085
5223
4119
373
4080
1915
4086
1956
1976
4083
5236
374
4088
1963
4119
4130
6094
5230
1982
3781
688
1933
1926
4069
4127
1946
4039
1974
1975
373
4082
1976
1924
4122
4086
3181
1978
4080
1978
377
1998
1924
4082
1983
1977
4127
3145
4088
4047
3788
680
1920
4085
1927
1929
4105
4043
1959
1918
383
1925
4081
4086
1919
4116
1938
1989
4087
4023
4020
4039
379
4033
4060
4000
4036
4021
4032
1916
4081
8999
1994
378
4040
4144
1916
1895
1910
1928
4104
3765
686
4086
1977
1972
4096
1981
1975
4074
4074
396
5235
4079
1926
1924
4091
1971
1976
4088
3736
687
1923
4132
4083
1906
1965
1910
4118
1923
1970
366
4085
4033
8151
1946
4079
1939
5267
1996
4082
376
1979
1924
4083
1974
1969
5279
1936
4086
1672
695
1928
4092
1927
1922
4129
4126
4047
1976
372
4106
1923
4075
1965
1956
4088
370
5235
1978
4027
1927
1981
4086
1980
1988
4120
5247
390
1963
4038
4036
4023
4038
4045
4033
4018
374
4029
4038
4065
4066
5232
1919
5644
380
4146
4093
4080
4105
4055
4068
1908
365
1913
4068
1904
1921
5385
694
1970
4120
4089
1952
1959
1915
1974
383
1919
1917
4108
5211
1964
4069
4111
366
1976
4082
1918
7202
1922
4085
1978
1928
3822
699
4088
1983
4083
4040
1929
4081
4074
1917
385
4083
1930
1941
4048
1930
1934
4098
1972
1912
374
4071
1879
4163
5237
1849
1937
4087
1977
1968
4124
381
4142
1951
4078
1913
1920
1957
4072
1980
368
1977
4124
4101
5215
4081
1927
4032
4030
3738
663
4035
3975
4019
4029
4022
4033
1680
675
4093
5236
4063
4037
1918
1916
1917
367
4083
1957
1909
4096
4121
1955
1902
3769
681
1927
1972
9386
4092
1991
4078
1919
1613
694
4082
1963
1977
5199
1913
4111
3776
695
1920
4077
1979
1937
4088
5225
1904
3824
668
4074
1907
4064
1988
5234
4068
368
1981
1909
1912
1921
4081
1972
1976
4096
380
5209
1915
4012
1907
4126
1972
4122
1991
1616
688
9378
4133
1933
4081
1978
1995
4043
1997
371
1909
4110
4029
1938
4097
1982
1937
4074
1942
1954
381
4083
1973
4027
4028
4061
4084
4042
4039
4040
4030
3724
705
4054
5227
4092
1981
4048
4098
4096
4113
3760
699
4089
4095
4092
1924
4089
1989
5228
4089
1930
376
1966
5295
1982
4075
1988
5224
4137
4087
3729
679
1987
4120
5282
4089
1977
1973
1975
1914
367
4093
1924
1982
4076
5227
1908
1899
366
1958
1899
1907
4123
4121
6949
5245
376
1985
4087
4089
4086
6086
4060
1969
1910
380
1919
4072
4083
1954
1906
4086
5227
386
1982
4093
1920
1933
4131
4127
1939
4091
4074
375
1924
4092
4031
4024
4043
3998
4024
4022
376
4031
4036
4038
4063
4040
1911
1896
1906
4161
4024
378
1930
4118
4101
1923
1930
4103
4088
1980
1920
367
4123
4108
5252
1936
4101
1922
1981
4087
1917
1669
681
4093
5255
1980
1996
1983
4083
1969
1607
673
4122
3770
1985
4124
1903
1970
1925
4083
1972
369
1927
5289
1978
4131
4130
1940
4079
1983
1980
3785
1960
659
5225
1931
4115
1912
4085
1925
1674
686
4091
5232
1911
4086
1926
1978
4077
1985
1624
690
4114
5243
1920
1916
1928
4142
4045
1930
4113
4102
1621
688
1930
4067
1964
1981
4073
4015
4024
387
3986
4045
4020
4017
4010
4022
4037
4928
687
1926
4112
1964
4087
1922
1911
4086
387
4049
1903
1924
4045
1987
4082
6892
4059
377
1972
1978
4081
1976
1936
4076
1923
1931
3797
673
5211
1927
4068
1922
1959
4069
1655
689
1920
4107
5220
1974
4078
1986
4104
1962
1663
688
3186
5217
4080
1934
1920
4073
4022
357
4102
1933
5202
1911
4069
1973
370
1976
4073
4070
1941
4039
1912
1985
4125
384
4129
1928
4038
1997
7249
1997
4082
1931
1921
3816
683
4081
1977
4089
5222
1917
4071
1962
367
1922
4092
4056
4008
3997
4033
4034
4027
3722
688
4033
3988
4070
1902
1961
1968
371
1914
4072
1907
1908
4084
4053
7520
690
4102
4087
1975
4098
5233
1989
4082
1983
1976
378
4083
1983
1982
4154
4036
1970
4065
4109
370
4065
1916
1919
4087
5211
4083
1979
3788
687
1976
4030
1991
4097
5216
4073
1960
1599
677
4084
1911
1915
4097
5229
2000
1928
3713
689
1974
1924
4091
1937
1992
4075
1964
4125
378
4088
1939
4096
1972
1972
4086
4086
1993
3812
685
4077
1969
4079
1959
1980
4043
3767
671
1904
4071
6163
4034
4011
4036
371
4023
4035
4038
4034
5197
4039
3724
685
4093
1974
1908
1921
1916
4057
5294
1927
1938
3843
693
4138
1915
1905
1915
4090
1998
4087
1918
1970
364
4083
4068
1917
4070
1969
3132
4931
690
4110
1954
1951
1919
4086
4025
5285
3795
690
1971
1972
4100
1977
1926
4129
4086
4913
691
4078
1934
1975
4087
1984
1984
4122
4057
1924
386
4088
1977
1917
4085
1975
1964
1961
1944
4102
393
4104
1914
1968
4099
1968
1911
1980
5214
1928
381
4082
1968
1972
4071
1962
1916
4085
5435
652
5217
1933
4130
1936
4099
4111
4028
4004
380
4039
4011
4026
4018
4031
4030
3997
4089
372
1966
4119
1970
4068
5645
4144
4150
4123
4105
4102
3808
666
5223
1976
1914
1912
4094
5709
1970
4039
396
4056
1966
1969
4113
4065
1972
3771
367
1981
1934
4039
4075
1924
4080
1920
1672
690
4090
1987
4044
5235
4095
3981
4086
1981
1670
691
4147
4049
1981
4088
1926
1932
4112
1984
1935
4126
377
5218
1984
4089
1919
1930
4088
1979
1915
375
2017
1896
4034
4067
1970
5332
4106
1994
1925
4053
388
5218
1914
1941
4077
1910
1960
4077
1606
683
4043
3984
4021
4027
4024
4030
5214
3735
682
4026
4067
1971
4086
1981
1957
1902
3751
653
5230
1902
4083
4076
4092
3808
682
5244
4133
1930
4070
1963
1908
4078
369
3203
4051
1975
1981
4084
1916
1964
4117
371
4077
1920
4061
1993
1918
1985
4074
1923
376
1978
4137
4124
1976
4100
1988
1979
4082
3186
4081
1670
684
1912
1922
3984
4077
1971
1965
4122
3805
672
1967
4091
5221
1973
4077
1972
1605
370
4082
1900
1962
4118
3979
1913
1906
381
1923
1904
1966
4074
1910
1972
4083
373
5209
1903
4055
4121
1915
4077
1969
364
1932
4056
3977
4025
4038
4038
4027
368
4045
4025
4028
4069
1972
4019
1970
1617
683
4101
3980
4086
4098
4086
4087
3774
671
4159
4097
1991
4113
1966
4086
1989
1919
370
4090
5221
4067
1906
4051
4068
365
1903
4105
1957
5218
4089
1932
1988
4085
1637
691
1978
4122
5229
4079
4064
1959
4071
361
1980
1924
4105
5245
4112
4050
4068
377
1977
4101
1967
5211
4084
1973
1917
4124
371
4078
1977
4094
5218
1916
4078
1917
1652
682
4064
4058
1951
4091
1916
1923
4055
364
4053
1987
1957
4078
2007
1947
4062
4031
375
4077
4019
4027
4017
4011
4070
8107
379
1929
4077
1924
5228
4044
4091
4084
4074
370
4090
4139
4098
4029
1914
4086
1924
1969
4071
369
4099
1960
4043
4085
4087
1961
4082
1974
378
1992
4093
5242
1997
1978
1911
4074
1923
380
1965
4091
1988
5217
1954
1903
4067
365
1965
1901
4069
1902
1917
4144
3737
683
1930
4117
4072
1924
4075
4074
5247
1644
700
4091
1958
1967
4121
4073
1997
4053
389
5246
1982
1924
4070
1922
1903
1901
5428
653
5220
4085
1934
1982
4078
4078
1928
5321
387
4095
4025
4029
4031
4033
4032
4003
4031
4046
4035
369
1929
4085
4048
4027
4019
1922
1914
1610
673
4137
4084
4107
4066
4089
1924
1972
377
4087
1930
1978
4091
1938
5239
4021
4079
1932
370
1986
4087
1968
1976
4079
4091
1939
4082
373
6905
1689
681
4085
5220
1912
4062
1899
1959
376
4081
1984
1918
4107
5233
4132
1938
4078
1619
667
1973
4064
1977
5361
1930
4034
1983
1910
1907
1911
368
4077
1911
6023
4085
1983
4081
1976
1976
3787
680
9331
4083
1912
1923
5651
1962
1697
686
1934
4081
5205
4016
4026
4027
7412
670
3992
4083
4018
4029
4015
1915
1970
373
4084
4024
1925
4096
4099
4099
4102
4110
394
4058
4122
4124
7294
1946
4082
5242
4090
381
1976
4082
1981
1929
4086
1982
5255
1932
4015
370
4061
1920
4085
1917
1978
4068
4029
372
5693
4079
1922
1940
4107
1981
5220
4085
373
1963
1963
1915
4084
4106
1992
1981
4932
695
1931
4071
1913
1903
1956
1897
1597
680
1909
4074
4042
1975
4078
1931
1981
3792
676
1909
1927
4097
5224
4075
1958
3767
677
1930
1935
4081
1929
5232
4124
4031
3723
375
4030
4033
4097
3973
4025
4023
4070
375
4014
1911
4129
5215
4089
1935
1930
4140
380
3112
1920
6932
1928
4092
1988
1984
1949
4090
2002
1981
376
1941
4045
1927
1968
1975
1912
4117
4130
372
2005
1903
4085
5211
1957
4070
362
1962
1957
4118
4126
4060
5221
1980
361
4031
1977
1957
1968
1926
4077
5237
4084
370
1976
4083
1928
1983
4128
4080
5235
4071
363
5229
1926
1969
1912
1920
4097
5227
3767
675
1982
4098
1957
1912
4128
4124
4036
371
1902
1894
1899
1901
4070
1966
361
1964
4105
1902
5230
1916
4063
3711
680
4027
4027
4039
4029
4030
4021
4011
368
4031
1910
6071
1925
1916
4081
4043
1918
1606
671
1916
1919
1916
1938
4067
4130
4076
1675
379
4091
1984
1988
5313
3016
4106
4110
4077
1610
673
9331
4040
1927
4095
4026
4084
377
1980
4151
1974
1982
1971
4069
1974
1956
1911
368
1967
4095
1916
1928
4071
8944
4024
1620
693
4073
4121
1919
1915
1919
4068
1980
1973
4085
375
1926
1914
4080
1934
5215
1935
4091
3700
667
1963
4068
1966
1977
4041
1968
371
1900
4078
1907
1968
4112
4101
371
4083
4040
1923
4078
1964
4028
4044
4058
4037
389
3989
4021
4028
4043
4048
4035
4048
1925
378
1934
4093
4031
4145
4150
4151
4062
4094
4097
379
4085
1979
4090
2004
5239
1939
4126
4095
1973
3782
686
1921
1974
4090
1927
1913
4076
1953
1962
366
4133
4083
1973
4090
5209
2092
4115
4012
1930
4068
379
3121
4139
4119
4080
1909
1987
4078
9498
1935
1624
694
4086
1921
4037
1981
4069
7155
1684
685
4083
1978
1976
4088
1968
1921
5292
1926
3823
669
4078
1957
5239
1934
4124
4083
5228
387
4088
1915
1971
4030
5230
4053
3989
4033
4038
376
4028
4033
4035
5234
4090
1973
1984
4081
373
1939
1919
4115
4125
4063
4097
4094
4020
4094
372
1989
1951
5239
1928
4086
1921
1915
1660
380
1932
4084
1976
1971
1919
4120
1905
1958
1600
671
4065
1972
1971
4056
1980
4052
1674
678
1908
4079
5373
4085
1978
4080
4083
1980
3190
3783
674
4068
1916
1906
1969
5641
1925
1934
4083
380
1928
1930
4073
1974
1928
4086
4029
1965
372
4068
4020
4075
1974
4125
1927
1917
4115
371
1960
4078
4073
4064
1907
4099
5224
2000
3791
673
1916
1958
1906
4017
4047
4005
4030
382
4037
4030
4045
4030
4046
5247
1936
4115
1982
3776
672
1922
4045
3114
1923
4093
4086
4085
362
4088
1927
1917
4099
5214
1929
4072
1971
373
1918
4079
1920
1982
4085
5215
1968
371
4118
4070
1917
4069
1977
5748
1925
4093
1989
375
1981
7783
1926
1968
1920
4103
4061
1966
4085
376
1919
1975
4091
1967
3560
1981
368
1912
4077
4053
1976
4118
4077
1975
372
5187
1917
4117
4077
1911
4075
1913
365
1997
4071
1958
1954
4060
4055
1603
673
4072
1906
1958
1899
5222
8694
690
1932
4116
4018
4047
4048
4030
4031
9728
4048
3982
1969
4083
1936
1921
4040
4054
1937
3816
660
4049
1897
1916
4088
4072
4030
376
4092
5249
1913
4083
1918
1912
4051
364
4094
8007
1989
366
4065
1967
1910
4084
8970
4095
4089
1665
689
4072
1971
1957
1906
1971
1968
4911
687
4086
1927
1919
4074
4066
4022
1914
373
5227
1922
1935
4119
1920
1909
4070
1949
371
2004
4061
5218
4124
1978
4058
3758
668
1955
1923
5214
4073
1955
1968
372
4085
1978
1989
4138
5701
1936
4074
4077
1987
4113
3725
684
4033
3980
4029
4039
4028
4030
4031
3691
694
4036
1988
4086
1935
1982
4123
4055
5231
366
1905
1911
4086
4070
989
5593
1922
4134
4051
4389
1973
1975
1914
377
1977
4075
1925
1979
4040
1973
1912
381
4076
4115
1933
4080
1922
4048
4044
4097
372
1907
8213
4097
4102
5214
4072
1921
356
4082
1915
1968
4107
1893
5222
4084
374
1926
1997
1982
4085
1909
4022
5223
369
4073
1907
1982
4123
2003
1923
1917
4083
371
5237
1970
1973
4123
4069
1946
3770
678
1930
5228
4079
1985
1978
4085
4119
4111
382
4033
3982
4084
4035
4038
4083
4096
3993
377
4023
4090
1931
1977
4083
1979
1982
5244
371
1915
4087
4079
5861
1917
1980
4088
5238
382
1918
4069
4059
1973
4072
1928
2007
4093
1978
381
1918
4090
1969
1920
4069
1922
1913
5000
696
1919
1930
4113
1968
4080
1968
1965
4069
371
3125
4091
1995
1925
1914
4069
1965
1653
679
4092
1976
4051
5250
1993
4084
4055
1660
663
4066
6738
692
1975
1917
1930
4128
4077
1979
4077
4037
389
4059
1934
4092
1924
1921
4079
4102
4344
5238
1924
4085
1982
1935
4090
1930
1978
386
4047
4060
4025
4030
4035
4034
4027
3983
387
4033
4070
1936
4085
1973
1919
4073
4000
368
1900
1906
4074
4088
4087
4083
4071
381
4085
1928
4119
4083
1977
4083
1919
366
1958
4033
1989
1913
4082
1895
1917
1955
363
1906
1945
4071
1932
5236
2053
4083
1917
1969
4081
368
1915
1901
2015
4086
1935
4081
1927
1998
1983
4091
381
4033
4097
5237
1991
4089
1918
1922
4105
366
1951
1966
1921
3980
4080
1977
4087
378
1919
1987
4132
4124
1918
1973
1979
4079
1966
1979
371
4077
1916
4117
1952
4050
5228
1985
383
4083
4077
1924
4090
1984
5225
4041
4026
4043
372
4033
4016
4049
3984
4011
4013
4071
364
1919
1914
4111
5229
1909
1908
1903
377
1913
4076
4096
4136
4063
5222
1991
4081
362
1980
4066
1958
4094
5218
4069
361
4065
1985
4095
1946
1966
4117
4054
1657
669
9186
1929
1926
378
4100
1940
5245
1987
4088
1921
1930
6166
1987
4085
4048
1670
6124
4511
15534
4516
1993
4132
4128
1989
5283
1923
4035
2002
374
1974
1927
4072
1972
1977
4090
1984
5252
4088
385
2002
1964
1906
4062
5696
5288
4042
4034
378
4033
4010
4021
4089
3969
4027
4026
3819
681
4077
1965
4096
5218
3125
1933
4102
369
4100
4091
4111
4032
1961
1968
1969
1606
672
1949
4107
4054
1953
4050
3977
370
1921
4081
1982
1960
4080
1955
1977
1639
2265
1910
7185
1939
4091
375
1928
1929
4102
1950
5202
4078
1906
371
4020
1922
4074
1900
1980
4041
3775
686
1915
1972
1929
4097
1919
1915
1916
1974
3829
672
4043
1929
4081
1917
1946
1928
1979
377
4088
1931
5229
4086
1920
1921
4041
4088
1669
684
1951
4102
1970
4027
1947
4081
1962
1960
4354
4084
5244
4037
4031
3729
677
4032
8092
4034
4033
4026
4028
4085
1982
388
5225
4088
1938
4095
4098
4092
4118
4074
1967
387
1906
4072
1913
1958
9298
377
5226
1989
1943
4117
1915
4069
4030
1670
683
1982
5225
4037
1984
4111
1919
1935
377
4072
1929
3038
1968
4071
4115
1630
680
4040
1908
1972
4092
5237
1970
1968
378
4071
4112
4111
4074
1945
4041
1983
1962
379
1920
1979
4074
4081
1973
4122
5240
1981
377
4083
1973
1978
4084
1973
1978
4081
5238
1673
697
4082
4066
1966
4084
1910
5777
1981
4082
3728
687
4019
4023
4051
4038
4045
4027
4025
4011
382
2002
1981
2033
1973
4075
1971
4064
4098
4093
4098
3886
665
4112
4124
1909
1903
1962
4088
1987
1619
694
4092
5242
1952
4006
4084
1964
361
1959
4087
5729
1974
4089
1988
1917
4076
1978
1925
372
4181
4063
8901
1934
4073
4123
1992
4131
389
5210
4088
1986
1989
4074
4063
1986
4150
4050
1622
683
4030
1919
1922
4133
4082
1996
4047
1920
375
1966
1964
1975
4123
4132
1936
4121
5207
1677
681
4074
1894
1996
4039
1945
1969
1909
382
1970
5210
8032
4033
4049
4044
387
3978
4040
4078
4020
4030
4039
2003
4096
4090
371
1973
4097
4155
4086
4111
4100
4097
4028
1983
380
1928
4076
1985
1966
4079
4070
1925
3764
678
1979
1916
4073
1968
1909
4092
5247
382
4093
4023
4119
4084
1977
4096
5220
1929
4084
376
1907
1960
1949
1914
4068
5739
1982
1976
377
4122
4138
1986
4079
1975
1978
4044
4081
372
1936
4098
1928
1982
4130
4118
1932
4072
1896
1893
372
1955
4019
1985
4074
1971
1966
4077
367
5232
4069
1969
4080
1912
1975
4067
378
5209
1958
4078
4029
4030
4023
4032
396
3978
4021
4026
4084
4023
4023
3207
1615
675
4076
1922
4071
4084
4095
4121
4097
4086
363
4081
4071
1909
1952
1900
1923
3815
657
5221
4075
1976
4037
1980
1931
4083
4094
383
5222
2004
1907
2001
4080
5432
1917
4091
5222
1939
4117
1916
373
4060
1916
4081
1984
5217
4092
1925
1928
3775
5792
4115
4053
1927
383
1979
4084
4001
4072
1913
9045
4099
1979
1967
3787
688
1975
1906
1958
1905
1980
5226
1620
671
4094
1977
1983
4120
1960
4135
4090
3816
673
1925
4089
4009
4017
4038
4019
4031
4011
365
4027
4005
4014
4024
4085
2012
371
4068
1966
4029
4080
4071
4092
3796
676
4092
5857
1972
1920
4090
1994
5222
373
4080
1928
1925
4076
1980
1916
4111
1909
1920
362
4066
1900
1985
4088
1920
1978
4086
1921
372
1943
4089
4071
1975
3504
1677
683
4665
4098
1925
5202
1932
4091
1984
1927
382
4090
1971
1984
1987
4141
4090
1921
4086
1960
1914
369
4080
1959
1924
4086
5217
1955
3188
373
4066
4071
1982
4104
5213
1922
4125
1972
365
4083
5719
1969
1929
4078
1972
4097
1905
1958
369
4023
4023
4049
4004
4031
4028
4029
4033
3723
686
4040
5231
1986
4084
1921
4033
1931
4201
4146
383
1903
1906
4081
4093
4095
7274
5234
378
4094
1930
4089
4034
4082
1960
4092
1977
1929
4088
1981
373
1987
4128
4084
2014
4060
5232
4089
1978
3771
382
1975
1926
4077
5209
1982
4087
1992
1988
3831
688
4123
1928
4093
5220
1986
4064
4084
1927
378
4085
1983
5234
4080
1925
1913
4074
1657
673
1915
4070
4134
5248
1923
4076
1608
385
1979
4018
1918
2009
4075
4085
1982
4329
2012
1983
4027
4116
3996
3993
394
4040
4031
4038
4033
4052
3981
1974
1984
4094
376
1958
4086
1903
1915
5342
5291
1927
4097
5318
688
4040
1928
4092
5236
1918
1968
4085
2878
686
4079
4130
4048
1923
1924
4089
1991
1973
3774
694
1973
1984
4088
5242
1977
4091
1921
1925
3821
681
1975
4132
4084
2023
4082
1932
4046
4085
368
1958
1913
4145
4047
4132
1944
4122
3775
678
1980
4089
5235
4087
1917
4125
4086
3708
670
2029
4090
1922
1983
4121
4090
1922
4078
1920
1678
703
4060
5207
1908
4059
1905
368
1917
4043
4037
3992
4034
4031
4039
4036
3718
669
4015
3977
4080
1918
4113
4086
3736
679
1909
4101
4050
4083
4099
4105
1967
379
4133
1888
4040
1961
1962
4078
1617
687
1923
4069
4037
2009
4053
1976
1976
4076
366
1918
1901
4059
1955
5508
5228
4099
1966
1972
4084
1978
4022
374
2035
4052
1928
1971
4075
1962
1922
4086
1614
686
1974
4105
5230
1975
1972
1922
1907
1594
686
1992
4068
1924
1994
4052
1924
1959
367
4133
4076
1966
1915
1930
4128
4041
1995
372
1911
4071
1963
1920
4063
4054
1658
720
4048
4068
1965
1984
5674
1907
4127
3766
665
4042
4034
4022
4027
4025
4023
4077
379
4020
1905
1901
1912
1925
4138
4089
4086
394
5230
1913
1922
4094
4125
1903
1964
368
4114
1946
5220
4083
1990
1914
4115
4107
365
1974
4092
5221
4073
1918
4089
1983
375
2006
4099
2012
5231
1981
4092
1979
1933
4128
1957
374
1973
3122
1986
4085
1917
1974
4113
1948
372
1915
1907
4074
5595
4079
1941
4082
1990
4067
382
1962
4080
5230
1908
6884
1927
4091
385
1930
1926
4044
5244
4073
1906
4044
3799
663
1995
4093
5230
4083
1978
4128
4066
371
1902
4097
4002
3979
4028
4039
4031
367
4039
4049
3989
4027
4080
1934
5291
1924
3794
4131
687
4095
4130
1915
1926
4088
1925
1925
4088
392
5215
1984
4063
4077
1915
4086
1987
4042
385
4032
4081
1966
1911
1928
4125
4079
2001
3745
689
1984
1979
4087
1908
1975
4059
4066
1951
4106
387
1980
1977
4071
1965
1957
1964
1964
4136
374
5326
1935
4133
4073
1931
4124
4131
1986
4040
388
5239
4096
1933
4099
5653
4118
5231
4084
1977
378
1930
4091
1981
1977
4155
4024
1932
4087
1977
1973
374
4095
1924
1927
4187
4020
21304
4036
4002
4038
3721
692
4033
12889
4121
4130
4086
3792
687
1918
1931
4139
5232
1986
4082
1925
1984
3774
689
1989
4114
5222
4082
1979
1925
4088
1987
1658
673
1972
4095
5222
1944
4076
1972
1924
3785
686
1970
1979
4132
4025
1966
1970
1976
4126
378
1980
1965
1976
1987
4091
6416
5248
1973
4106
393
1978
1968
4089
5210
1898
1908
6825
387
4075
1979
4087
3993
1993
4079
1904
1966
382
4081
1975
5690
5219
1991
4101
1907
370
1922
9001
3676
4033
4028
4024
4016
4025
374
4072
5264
7714
4049
6143
1937
4248
3987
4085
1930
1903
373
1912
1942
4090
4117
4063
5213
1984
4089
1674
682
1977
4086
1977
1930
4057
1923
1908
374
1906
1983
4124
4129
1933
1986
1994
4086
1928
1922
4074
371
1975
1911
4120
1960
4113
1882
5220
385
1996
4083
1974
1923
1905
1932
4170
1990
5286
4085
1618
694
1921
4015
4096
4072
1936
5225
1990
379
4085
1954
1976
4081
1963
4135
1912
4128
3772
672
1917
4082
1976
1985
4136
4081
5236
1681
678
4086
1924
1973
4079
1932
1977
4086
4908
682
4023
4021
4026
4026
4034
3985
4019
381
4015
4027
1933
4084
1973
3174
3177
1930
3792
684
4096
4101
4084
4047
4052
1972
1980
3776
383
4109
4067
1973
1920
4079
5227
4074
377
1930
1956
1926
4081
4163
2001
2018
1968
4093
1911
380
1957
4076
7131
3103
1987
376
4086
1971
1966
1898
1976
4081
7257
388
4049
4036
4081
1977
4122
4054
1957
3805
675
5241
4090
1906
4079
1961
1926
9097
384
5235
4088
1973
1961
1891
1960
4072
368
5668
1968
4134
4077
1906
1963
1905
4113
376
4082
5232
4034
4025
4013
4012
7742
4033
3723
689
4044
4032
1968
1918
4089
4040
4041
1615
688
1938
4101
4092
4166
4089
4084
1911
1923
4089
1919
380
1914
1978
1918
4077
4072
4117
4098
1903
375
1913
1921
4076
4095
5240
1992
4059
1912
379
4086
1920
1928
4081
4081
4091
1969
1977
1969
4076
385
1969
1966
4170
5210
4089
1983
1930
4080
370
1909
1957
4064
6772
668
1983
4034
1982
1910
1908
1918
4083
1972
384
5723
1991
4079
1915
1968
4080
1954
1212
4316
4058
5240
5259
1926
1628
687
4093
1921
2017
5236
4086
4032
4023
4026
379
4026
4089
3965
8066
4024
4023
1979
4091
377
4031
1917
4035
4092
4154
4093
5339
1967
4122
3722
681
4102
1926
4071
1954
5625
2004
3781
693
1919
1983
4088
1976
1978
4082
5211
1619
695
4074
4114
1938
4119
1965
4095
5238
1925
384
4077
1915
1953
4086
1983
1918
5310
4133
4109
365
1981
4088
1911
1973
4084
1936
5240
2000
379
4120
1969
4120
4119
4112
1980
1906
4055
1608
677
4035
4091
1972
1930
4085
3110
1915
372
1911
4062
1968
1963
4059
4090
368
4140
4096
1989
4095
4031
4035
4260
4106
4035
4029
4023
4035
4026
4026
1980
1991
377
5218
4090
4047
1923
4108
4088
4090
4054
381
4075
1919
1953
1949
1914
4123
4130
381
5240
1928
4081
4037
4093
1927
4085
1945
5249
383
5400
383
4081
1981
4077
1976
1963
4099
1980
1917
4081
1601
667
1957
4072
1966
1917
4089
5209
375
1908
4072
1923
1913
4042
4118
4062
387
5235
1976
4063
4063
1961
1909
1962
376
4128
5220
5713
1932
4081
1915
1915
3787
703
1943
5190
1967
1969
4060
8715
687
1927
1950
4082
4092
1976
4092
4047
4018
7721
392
4019
4010
4027
4021
4027
1993
4039
4123
379
1989
4078
1913
1916
4088
4128
4102
4143
1906
365
1926
4086
1974
5895
378
4094
5230
1928
1903
1921
1959
1959
364
1895
1969
4075
1932
5227
4075
1934
1691
687
4035
1936
4107
1910
1934
4029
1967
1676
690
4079
4067
1975
4067
5272
1980
1926
4091
378
1922
1957
4010
4080
1965
4111
5214
1656
676
4146
4061
1953
1909
1922
4848
4346
4072
4071
4038
1931
4128
4097
385
5218
5908
4093
1975
4081
3812
2286
391
4152
1942
4077
1984
4017
4019
4009
4035
3984
379
4020
4025
4020
4029
5259
4104
4085
1920
4100
3789
679
1944
4147
4086
4091
4093
4127
4133
1935
1941
381
4126
4085
1935
4082
1914
1911
4075
1657
696
1974
4103
5237
4082
1983
4087
1985
1931
3775
685
1931
5216
4114
1970
1921
4081
1967
369
1918
4081
1978
5223
4128
1924
4085
1915
378
1917
4117
4088
5225
1973
1916
1916
370
4075
1909
1917
5309
1920
1926
4091
1976
1979
361
4102
4012
1960
4121
1966
5232
1670
688
1941
4067
4064
1920
4083
1983
5361
1943
4075
1974
376
1987
4036
4039
4042
3986
4036
4039
4033
4031
4025
365
4042
5213
1923
1990
4078
4048
4151
4095
383
4064
4108
4085
4085
4073
5487
5255
4078
1933
4082
1915
1916
379
4092
2035
1918
1982
1937
4115
1925
4088
3126
4075
1604
669
1985
4045
1927
1920
4087
1929
1937
3771
682
1917
1924
4101
5221
1924
4095
1965
1964
376
4074
1912
1899
6417
4069
4058
378
1979
4086
1923
1928
4142
4047
1974
4069
360
7279
4025
1918
1970
1941
5230
4077
1910
369
1919
4086
1988
1925
4145
1995
1931
4090
1999
1953
360
1976
4081
4024
4057
4002
3973
4025
4024
380
4030
4027
4048
3969
1993
4086
1908
1966
371
4120
4037
5752
4100
4091
4105
4101
4076
4126
377
4091
4090
1914
1964
1924
4079
4033
4090
377
5219
1958
1967
4090
1926
1908
1964
1910
384
4068
1934
5354
2027
4101
4062
1963
1956
4018
2032
4035
381
5227
4115
1936
4128
4100
1915
3148
4097
1992
1928
3782
683
4121
1986
4035
1917
2003
4091
4127
1924
382
4083
1924
1982
4087
1912
1934
4056
1985
373
1978
4085
1924
1979
4078
4073
1982
4048
1989
381
1977
4126
1954
4065
1969
4012
4044
3687
683
4026
4034
4063
4016
4020
3982
4022
359
1931
4076
1904
1923
4139
4106
4059
377
4055
4082
4089
4041
4085
1982
1944
3680
682
1962
1956
1984
4081
1920
1917
4088
1657
679
5691
1940
4090
1924
1924
1964
1931
4124
4075
388
5211
4070
1967
1913
4091
1989
1985
4117
366
4128
1882
1885
1968
4115
4066
365
1912
4071
1903
1933
4041
1965
1912
370
1955
1904
4105
4070
1972
4079
387
5244
4126
1994
4081
1975
1973
4084
1982
1965
388
5214
1982
4083
1910
1933
4134
4075
2026
5394
1942
4132
4095
1669
694
4100
1943
4039
3970
4035
4031
4004
4006
367
4018
4047
4007
4028
4079
1913
4114
1960
379
4036
4054
4092
4096
4091
7849
4127
388
5222
4076
1917
1965
1920
1964
1943
1976
4044
389
5232
1920
4081
1971
1928
4080
4081
1920
4085
385
4077
1974
1905
1912
4101
1960
3771
672
4042
4039
1916
4062
1973
1903
370
4065
4105
1974
4122
4052
1913
4131
382
4090
1918
4076
1967
1976
4057
1914
1626
687
4076
4073
1923
4085
1993
2020
1977
4062
1922
3773
683
1979
4024
5706
4047
4048
1922
3137
2009
3836
682
4068
1915
1905
4034
3965
3993
369
4010
4005
3999
3998
5156
375
4030
4029
4081
1981
1923
1953
4085
5220
377
1920
4099
4095
4087
1907
1971
4088
5241
388
1976
4083
1972
1969
4060
1959
1972
3815
659
5231
1924
4086
1980
1930
4096
1977
1977
4061
387
5230
1986
4087
1929
1977
4085
1978
2006
3787
670
5234
4079
1937
4083
1924
1971
4099
5226
381
4095
1974
4085
1968
1912
1949
5650
4928
691
4131
4088
1975
4082
1977
1922
4106
5229
389
4077
1911
4086
1918
1962
4079
5665
4087
1607
372
4072
2686
4073
4079
2010
3981
4041
3721
663
4063
4021
4033
4033
3974
4023
3728
681
3709
4071
4094
4162
1923
1911
1916
370
1911
1925
4088
4085
4124
4092
5220
3786
692
4108
1934
1976
4075
1994
3987
4082
1914
376
1916
1923
1933
4077
4076
1961
1980
1991
1961
4072
362
1970
1974
4073
1924
1921
9414
4067
1672
684
1983
4082
1971
1932
4083
1962
4342
1930
4084
2008
1968
4084
1903
1610
678
8748
684
4110
4082
1930
1940
4045
4085
1980
5241
363
1974
4071
1971
1978
4071
1911
1961
372
5247
1916
4074
1963
1961
4125
358
4128
1914
4101
5213
4022
4030
4025
379
4031
4073
4033
3991
4029
4034
1989
4336
4131
3130
4046
1925
1916
1941
4105
378
1897
1910
7828
5241
1932
4077
4078
1973
3850
670
1959
4076
5225
4082
1977
4073
1615
5816
1997
4044
1924
1981
381
4092
1916
1964
1955
1917
4122
4079
384
5227
4088
1931
1923
4091
1930
1969
1915
1933
388
5207
4090
1984
4090
1955
1934
4094
1989
1966
392
4093
4131
1936
4088
1967
1970
4078
1971
1652
669
4066
1922
1983
4129
4075
1920
4088
1979
375
1974
4042
4065
1975
4077
1962
1915
377
4056
4120
5245
4030
4031
4031
4027
3722
3776
669
3989
4014
4029
1977
4134
4130
1984
382
4030
4047
1927
1928
4091
4088
4086
4102
388
4030
1973
1977
4077
1972
1911
4119
366
4082
5221
1973
4134
4074
1966
4064
361
4147
1975
4075
1904
1907
4078
1987
1916
382
1968
1982
4075
4080
5229
4074
1967
1980
376
4086
1978
1926
2033
5222
4088
1977
1975
3768
678
4070
1919
4090
4061
4026
1937
1918
377
4092
1972
1989
4086
1939
5237
1975
4083
1964
363
1923
4080
1916
1959
4076
4035
3729
676
1926
4085
1982
1960
4138
4140
5228
4022
4028
378
4010
4012
4048
3979
4039
4039
4029
4038
361
4072
1988
5340
4093
1916
1930
4090
1917
1926
376
4084
4142
5226
4072
1899
4074
1652
671
1961
4093
1906
5221
1914
3760
681
2018
1928
4116
1954
1908
1946
5220
1937
4031
384
1932
1972
4090
1980
1933
5324
4092
1971
1926
3775
681
1983
1978
5323
1912
3160
1935
4089
4026
385
1930
4092
1929
1986
4083
3175
4081
4060
1913
384
4089
1925
1934
4088
1981
5225
4073
4065
377
1971
1968
5635
1924
1986
5220
4121
2012
6850
383
1984
4114
1989
4051
1920
1976
4028
4031
1358
1817
4220
2141
2131
2102
2126
4055
4048
383
4022
1957
5629
5261
4086
3002
2007
386
2026
2019
2028
2005
2017
9100
1996
4132
4079
370
1920
4084
1920
1982
5299
1983
2764
2125
2029
375
2024
2024
2036
2012
1947
4156
4034
4118
379
1926
4085
1979
1971
4085
1924
3099
1997
1906
374
2033
2039
2101
2010
2024
2043
1929
1928
4122
4081
379
1934
3629
2018
2009
2004
2017
2020
1705
680
4148
4101
4034
1984
4011
1979
385
4086
1984
1981
4099
5220
1982
2788
2021
2033
380
2018
2018
2025
2023
1914
1923
4064
3786
689
1930
4037
1992
4093
1914
1979
3167
4098
2705
385
2037
2121
2137
2109
2113
2126
4050
4034
3677
683
4030
4020
4027
3829
2032
2013
2010
2041
383
2026
2022
4124
1906
1901
1917
4089
5263
385
1909
2672
2025
2025
2007
2035
2026
1716
667
4090
4158
1934
4082
1981
1923
4132
4089
1974
371
4076
1953
3078
1995
3018
2035
2031
2111
1706
695
2057
2035
1934
1926
4177
4025
4085
1993
4090
1968
379
1980
4089
1986
4406
2024
2037
2025
2017
2122
379
2029
1938
4100
4153
3102
4087
1980
2796
2024
2013
381
2022
2026
2024
2039
1938
4110
4053
1982
1915
386
4089
1981
1938
4123
4064
5194
4127
376
2770
2015
2018
2005
2019
2008
2026
1935
386
5241
1927
4113
4005
4011
4021
5237
372
4016
2992
2117
2135
2132
3892
2032
1926
1620
708
1915
4097
4086
1985
4085
1937
2923
2014
382
2014
3808
2023
2006
2018
1926
6018
4086
1611
385
4134
1989
1917
2779
2018
2015
2023
2016
1708
681
2033
1929
4086
9098
1998
4079
1926
1933
4103
1980
1622
680
3101
4096
3028
2033
2038
2102
2022
2030
1733
684
1926
1929
5338
4099
1925
1926
4090
1990
1916
1608
679
1984
4097
5218
1970
1662
2030
2028
2119
375
2022
2019
3996
4099
4043
1975
1930
4127
377
2764
2015
2011
2034
2021
2036
2001
1934
376
4083
1964
1916
1908
4018
1936
4064
371
4079
5217
1924
2774
2024
2108
2108
1788
687
2106
3354
4009
3992
4027
4029
4025
3734
696
5336
1936
3008
2023
2016
2013
2006
2050
2037
381
1935
4092
4111
4123
4088
1989
3700
2017
1716
690
2036
2026
2043
1979
4095
4177
4072
1671
677
1984
4082
1918
3158
1919
3269
2016
371
2008
4224
1816
697
2067
1959
1925
4107
4031
4078
4131
1933
4083
1972
371
1986
5277
1932
3018
2023
2025
2026
2586
2102
2015
4139
4172
3752
692
1927
1919
4080
1986
1978
4087
1919
1986
5008
709
4088
1897
2029
2032
2023
2110
2031
2021
1936
1632
659
5214
4124
4084
1925
2774
2012
2006
374
1998
2019
1998
2024
1933
4098
4067
365
4058
4076
4056
4031
4022
2780
2118
2129
1813
689
2130
2111
2123
4154
4047
4083
4043
1631
681
4043
4033
5219
4055
2656
2125
2108
371
2013
2029
2007
2012
9825
4107
3775
688
1936
4129
4076
3261
2034
1980
2044
2021
1705
685
2013
1935
4132
1975
2001
1929
5270
4147
2736
683
2023
2015
2018
2017
2135
7351
5260
377
1921
4082
1926
1934
4087
1926
1918
1977
2813
687
1973
2771
3710
1708
681
2023
2024
2022
2028
1926
4095
4102
375
4127
1984
4085
1987
1909
1949
1911
4073
380
5225
4095
1902
2024
2035
2034
2133
2037
2032
1943
3824
664
4041
4071
1978
1920
3287
2130
2140
2127
382
2164
2101
2136
4046
4046
4028
4031
4025
4915
701
4077
2990
2015
2014
2022
2007
4165
385
1938
5300
1922
4864
1996
4090
1983
4021
1983
378
5297
3019
2013
2023
2034
2020
2028
2034
1940
4121
379
4092
5239
1977
1923
1900
3256
2017
2591
2018
2025
2038
1997
1913
1927
4098
4085
376
1921
1973
4027
1926
3091
1928
4076
1344
1797
2021
2019
2031
2017
2012
2135
1927
3821
1821
1949
1908
1976
4128
1962
4091
1933
1996
385
5265
1911
3000
1997
1989
2016
370
2019
2033
2014
4139
4156
4073
4068
378
1911
1967
4067
5683
4113
4029
1628
699
1667
2018
2006
2023
2026
2018
2005
4043
379
5244
4050
4034
4032
4046
2784
2123
3311
2136
372
2018
1991
2006
1907
1916
1976
4117
3772
687
1920
5227
1911
2640
2039
1710
687
2009
2025
2028
2232
1940
1944
4119
4036
1919
1967
1961
1990
1618
682
4070
1925
6103
5200
1934
2793
2046
386
2041
2030
2030
2023
2037
1970
4086
4086
1961
1926
3817
687
4093
3253
2026
2011
1986
2032
2026
1705
685
4088
4116
1971
4065
1918
1970
389
4047
3263
2008
2025
2017
1999
2000
1713
689
1936
4090
1934
4075
1965
1919
4087
1919
1607
680
4094
1998
1928
4088
5208
1979
1345
1811
2013
2008
2029
2023
2006
2013
4094
393
4063
4129
2014
1974
4073
1926
1984
4021
4418
4034
1671
2123
2126
2125
2121
2105
2115
370
7124
686
1923
1914
4129
4080
2784
2020
2021
363
2096
5064
2002
364
1901
4125
1888
1902
1915
1917
4032
1674
1980
694
4086
4772
1996
1980
2023
360
2023
2015
5720
4103
4083
1970
1913
1902
4083
381
1963
1923
4203
5225
1997
3305
2021
2023
2026
386
2022
1999
2015
1915
1962
4086
1917
1908
4089
370
1967
3237
1995
2022
2001
1990
361
2000
1954
1899
4070
4040
365
1934
4108
1974
1901
4071
4039
3141
2473
691
2028
2005
2032
2051
1999
2002
1896
367
4037
4020
1908
4075
1994
1920
1977
3770
696
1992
6969
3788
689
3033
2021
2032
2015
2029
2013
2024
1610
691
4009
3977
4019
4012
4048
4019
3755
649
3960
4010
1649
2019
2007
1706
686
1994
1994
2015
1931
4048
4075
4093
376
4158
5493
4105
2062
2029
2028
2032
1939
4081
4091
366
1992
4022
1923
2050
4051
1976
2791
2008
2012
2029
377
2021
2020
2036
1938
4110
4058
1939
1930
4071
368
1963
1949
1972
1971
4132
5268
1926
387
3021
2037
2030
2025
2016
2001
2005
1910
373
4111
4078
1915
1928
4090
1991
3228
2026
2026
363
2036
2011
5406
1908
5270
1966
1928
4080
382
1917
1914
5279
1920
3169
2037
2020
1719
677
2012
2027
2027
4089
5346
1999
4119
1999
1970
1671
683
4073
4047
1978
5277
4039
3050
2116
377
2136
2122
2095
2136
2113
5231
4043
1925
373
4115
4111
4111
1931
1915
1907
2785
694
4161
1550
2047
2040
2032
2047
2027
2027
2045
1908
1990
394
4090
1970
4088
3628
2021
2015
2022
2014
374
2014
3736
5239
1981
1911
4079
1978
1675
685
4122
5271
4023
3014
2009
2017
2029
377
2028
2027
2038
4138
4084
5208
4088
1913
376
1895
1899
1939
1949
1906
9016
1942
379
2792
2028
2013
2104
2033
7978
4082
1979
1662
670
1905
1961
4112
4055
1974
4100
1921
377
4011
1928
4083
1985
1977
4088
1918
1925
362
4110
5215
1929
4075
1930
1921
4118
4073
363
1924
4058
4030
4025
4016
4018
4006
367
5209
4018
4022
4012
1952
4068
375
1959
1911
5260
4052
4093
4103
4130
378
1895
1908
1925
5257
3123
1964
4084
367
7096
1987
4085
379
5206
4075
1917
4089
1974
1973
4067
1611
1966
1820
1915
4073
1916
1929
4085
1991
3768
680
1930
5280
4055
4097
7204
1926
4088
1980
389
5225
4127
4089
1977
4089
1914
1920
5292
1684
704
4017
1923
1928
4091
1981
1944
4140
5352
4091
1986
382
1983
4129
4101
1932
4073
4093
5235
4075
1922
1676
678
4080
1959
1969
4081
4086
4027
3724
693
4026
4029
4104
5167
4014
4004
368
4029
1924
4069
4104
5464
2284
1929
4110
4087
4150
4126
4071
4054
1674
686
1979
4124
4078
1975
4132
1940
381
5221
4081
1928
1983
4087
1961
1970
8236
1680
685
4079
1930
1926
4077
1982
1929
4091
4038
379
1932
4076
1912
1969
4062
4053
1959
374
5290
1995
1981
4085
2005
1924
1915
1969
1956
359
1914
9366
1972
1932
4091
1921
1926
3773
380
4071
1934
4090
4076
1895
1941
370
1945
4062
1906
1979
4079
5199
365
1913
1985
4057
4050
1961
4074
1610
717
3097
1907
4044
4005
4007
357
4014
4008
5218
8060
4051
4039
1990
381
4098
1945
5227
4088
1930
1916
4072
1930
4094
3829
651
5224
1928
1925
4088
1933
1927
4094
1986
361
5744
4082
1922
4082
4083
1985
4122
4094
5247
381
1977
4083
1975
1977
4087
1916
1907
1980
372
5226
1983
4036
1964
1971
4055
1904
377
1906
4102
5236
1924
4122
4079
1919
4088
2853
5663
393
5232
1994
4085
1901
1911
4113
4080
379
5230
1972
4082
1918
1962
4082
1960
1617
677
5308
1986
1923
4073
1907
1984
4073
1926
1658
671
4097
5229
1969
4018
4018
4024
3712
681
5215
4030
4019
4025
7688
1935
3189
387
1936
4078
1999
4032
1922
1916
4085
4091
3829
1826
1921
4079
4120
1984
4092
1971
1896
369
4074
5219
4098
1908
1926
5427
1921
4072
5226
4082
377
4021
1939
4134
4083
1932
4062
4087
1620
680
1941
1928
4099
1914
1955
4062
4076
385
5228
4129
4072
1916
4115
1915
4069
388
5208
4075
1922
4073
1964
1968
4071
363
4074
5215
4082
1914
1914
4086
1966
369
1931
5312
1982
4073
4084
1979
4126
4077
1982
4090
383
5240
4084
4029
4021
4015
4019
378
3966
4019
4019
4026
4030
4031
1992
4043
381
4085
1971
4026
4085
4088
7870
4092
1914
4082
371
1977
1974
4087
1968
1981
4097
1926
1925
1930
4068
380
1913
1961
4052
4080
1993
4086
4071
385
1984
4078
4092
1976
1919
1973
5284
1934
4070
382
1905
7569
1939
381
4119
3115
1966
4364
1918
4092
1958
363
1901
1905
1959
2009
3089
1969
4081
375
4109
4014
4070
1915
1965
5268
1978
374
4068
1908
1922
4068
1971
1979
4066
378
1932
5197
4074
1951
1902
4019
5345
4103
390
5225
1927
4087
1907
4007
4012
4019
377
4027
3982
4033
4034
4035
4030
4031
6109
693
1989
4087
4040
4145
1909
1907
1919
5240
388
1922
1954
1927
4090
1920
1987
4061
4080
386
5230
1928
5958
1939
4090
1932
370
1974
4074
4094
4084
1979
4086
1974
1970
370
4084
2014
1920
4085
4058
1920
4127
3768
681
1930
4106
1957
5224
1992
4124
4071
366
1967
4073
1914
1922
4040
1924
1915
371
4110
1910
1912
1964
4124
1996
1959
4084
1923
381
1919
4077
1969
1925
4089
1908
1976
4082
383
5214
4086
1984
4079
1932
1985
4126
4083
376
5187
4057
1892
1958
4018
3729
687
4023
4038
4041
4034
4026
4022
4027
369
9330
4110
4122
4090
1945
1959
4096
4041
4070
369
4071
1966
1917
1982
4109
4054
369
5214
1925
4078
1936
1906
4055
379
4075
1978
4037
4065
1982
4073
4113
375
1968
4072
1916
5242
2000
1941
1976
1928
377
4076
4081
1924
4083
5218
1928
4082
1988
1668
683
4133
4132
2035
4089
1926
1976
4082
1958
1905
361
4007
4056
1917
4089
5206
1958
372
4072
4086
1970
4085
1931
5218
4113
1676
680
1928
4069
1959
1949
1904
1974
3792
650
5193
5626
1916
4067
4019
4025
382
3986
4035
4030
4023
4024
4024
4035
5258
387
4088
1973
1913
4061
1909
1925
4081
396
5218
4076
1920
4095
4026
1915
1902
4100
386
5213
1929
4118
1908
4091
1979
1969
1909
1726
668
4048
1969
1904
4081
1968
1907
3707
674
2015
1981
4131
5217
4079
1925
1918
4087
376
1919
1918
4075
5210
1922
5680
1685
680
4089
1920
1919
5271
1922
4078
1912
373
1958
4062
4094
1982
4073
5216
1677
678
1907
1976
1915
1984
1952
4120
4104
2755
659
5235
4083
1970
1914
4088
1928
1921
367
4098
5205
5247
4080
1975
1924
4031
3773
659
3983
4037
4033
4028
4044
4045
4045
3990
377
1985
1928
4097
1925
1922
4034
1902
3106
1934
3846
685
4104
4086
4123
4089
1916
4091
5243
370
1962
1956
1962
1947
1886
1955
368
4079
7174
1968
1949
1914
4110
370
5252
1969
4061
5237
1897
1915
382
4084
4119
4070
4014
1988
4269
4082
1975
4074
4088
1966
1955
1990
3871
1722
4136
1999
4095
1930
1926
4077
4165
1951
4090
1977
385
1981
4088
1921
1979
1917
1919
4088
1980
384
5220
4071
1975
1915
4078
4124
1931
4077
389
5219
4070
1924
4098
1987
1918
4029
4042
385
3981
4012
4022
4035
4031
4030
4000
4041
385
1933
1925
4143
4069
1913
5259
1929
4144
1608
699
1929
4100
4070
1947
4022
3111
1914
380
1959
1923
4112
4086
1985
4087
1924
1924
3818
1838
1977
4065
4080
1916
4098
1973
1917
1707
1849
4092
1972
1979
4087
1966
1967
4074
1960
373
1973
4107
5216
1919
4110
4077
1928
3817
673
4101
5222
1988
4075
1913
1905
1591
671
1970
4120
4114
5235
1946
4095
1975
1923
3781
685
4049
1981
4127
2003
4129
1985
4072
1974
1664
684
4109
1920
1912
1963
1926
4117
1974
4075
1662
380
1979
4082
4049
3985
4035
4060
4032
4043
4017
388
3976
4042
4081
1937
4087
1984
4100
4148
4058
375
4100
4097
4095
4111
4087
5242
1932
1956
1666
689
4094
1984
1989
4073
5228
4083
1912
1961
381
4070
4070
1916
4059
5240
5261
4080
382
1925
4103
1885
1941
1962
5205
382
1971
1967
2007
1980
4088
1933
1967
4077
1909
381
1976
4046
1980
1975
4051
4042
1661
665
4080
1982
4039
5241
1984
4123
4054
379
1973
4084
2010
3052
1933
4096
1909
1690
664
1957
4051
1903
1902
4091
5552
1971
1967
1972
4071
1968
1977
369
4084
4094
3980
4030
4040
4035
4039
4036
4073
391
3971
4023
4069
1980
4070
1962
9028
695
1931
4097
4091
4105
4124
1930
4059
4018
385
4104
1940
4133
4111
1956
5239
373
1915
4135
4074
8114
4078
1982
3996
4083
1624
678
4081
1977
5711
1972
4092
5217
1908
371
1966
1920
4122
4070
1968
7744
1975
1973
376
4082
1906
1954
4074
1968
1914
4084
392
5227
1928
1988
4070
4074
1923
4086
2792
685
4100
5261
4147
4082
1978
4073
4049
394
5229
1928
4074
1964
1963
4122
4116
1627
1803
4040
4041
4032
4035
4024
4009
3985
384
4035
4026
4093
1977
4121
5260
4065
1930
373
4092
4096
4098
4152
4085
5204
1920
4087
372
1975
1916
4073
4107
1934
4037
1655
678
1986
1973
4087
6753
682
1981
4114
4028
5654
1971
4083
1614
686
1977
4077
1988
5234
1969
4079
1987
363
1906
4070
1923
1976
4087
5216
4074
369
1925
4082
4036
4083
1985
4048
1932
1931
3776
670
4101
1971
4063
1897
1990
3757
1830
1898
4099
2004
2007
4106
1995
1984
4107
387
4027
2012
4116
4128
4082
1927
4121
4086
3683
684
4027
4085
4025
4020
4015
3992
4028
381
4010
4026
4058
1914
4115
1925
1986
4052
4100
3849
698
4155
4144
1958
1923
4088
4083
1922
4106
4070
375
1963
4092
5223
4066
1918
1970
3766
680
1964
1911
4179
5275
4026
1967
1917
4085
1928
369
1923
4064
1906
4078
4039
1975
4122
377
4067
1965
4068
1920
6892
4087
1906
1922
3781
678
1973
1959
4076
3131
4065
1674
676
1961
4109
1939
1957
4060
1907
4122
9799
683
4074
1979
4128
4116
5397
1958
4068
1918
4084
1980
1973
1808
2038
4089
386
5220
4024
7280
4037
4032
3982
4039
4045
3720
695
4075
1919
1916
2027
4090
1976
4055
4091
4067
368
3104
1925
4166
4052
4076
1902
1967
363
4090
1971
1924
4106
6837
4034
1932
369
4129
4088
5958
5190
2035
382
1969
4070
5635
4086
1975
4091
5212
4030
377
4086
1975
1923
4077
1913
1984
4109
4083
381
1978
4080
1956
1992
4086
1920
1962
4135
4082
1961
1970
1914
375
1897
1987
1905
4082
1975
3122
399
1966
4083
1975
1916
4092
1977
1976
4123
3812
660
5220
4024
1975
1914
4123
4085
1918
381
5309
4085
4028
4036
4025
4029
5203
3730
676
4036
4026
4040
4085
1983
4071
4032
3743
686
1910
4134
1930
4136
1910
5446
5228
4081
1968
1960
378
4053
1911
1965
4085
5208
4080
357
1961
4072
1917
1958
4125
1908
1968
3764
676
4023
4062
1916
4154
4140
1983
5214
385
1972
4081
1916
1900
4068
1903
1950
368
4139
4044
1900
4055
1906
4071
1609
690
1971
4129
1928
1970
1914
1911
1964
1972
3776
681
5750
4088
5327
4126
4021
1961
4088
5433
1933
4090
5239
382
4072
1981
4128
4081
1931
4097
5255
1913
3725
378
4029
4036
4039
4069
3986
4037
4030
4017
3718
690
1946
4093
5235
4092
1919
4088
4160
4096
4100
392
4056
4100
1974
1971
4074
4036
4107
377
5230
1936
4080
1979
1987
4091
1970
1976
4079
386
5222
4072
1915
4086
1975
1975
5675
383
4042
1919
4087
4024
4110
1971
4076
1716
1826
4086
1914
1916
4075
1982
1977
1980
1653
692
1986
4078
5206
1960
4105
4070
373
1919
4080
1975
1981
5209
4118
4053
367
1962
4088
1963
4075
3182
4097
1920
1971
382
4030
4081
1927
4091
1976
1928
4085
1975
1978
4071
3715
675
4018
4113
5164
4035
4074
4039
4033
4043
3131
373
4080
1966
1931
4096
1926
1911
1916
1934
4097
381
4089
5235
4083
4078
1916
4131
5260
386
4095
1921
1971
4071
1910
1918
1964
1928
3791
676
4080
5230
1931
4094
1922
1937
4076
4105
3849
670
4053
2001
1921
4085
1924
1975
4086
1633
686
1944
4050
1916
1982
4086
4036
4079
1937
3824
1838
1918
1921
1935
4072
4074
1978
4072
4075
1672
673
4058
1926
1967
4085
4075
5273
5299
4109
1621
