994
1250
953
963
1712
952
906
899
902
898
901
902
905
900
898
903
986
950
951
929
904
903
899
899
902
898
959
963
963
952
961
952
957
954
928
961
956
958
961
955
932
901
4255
958
961
964
962
957
955
925
905
905
900
914
938
939
927
899
908
908
909
900
909
907
906
899
900
3998
968
927
934
935
938
923
902
947
966
956
953
909
909
908
899
906
907
908
1190
903
904
1552
954
957
931
899
899
907
912
906
900
906
906
906
904
898
907
899
908
901
907
906
905
900
901
906
906
906
898
922
961
917
905
902
905
906
903
901
906
906
907
903
899
909
905
906
903
904
907
903
926
962
962
955
962
3758
959
943
952
964
959
932
915
900
911
4610
961
959
956
946
907
907
903
937
928
5267
4290
3659
4253
4309
5485
4652
6074
2182
5810
2183
4259
4624
2394
4259
5569
4599
5841
3763
2151
2144
5850
4243
2089
5487
2392
5446
2130
7918
2141
7788
3557
6098
4018
6190
6087
5120
6141
8188
8087
8980
4773
8083
9323
8191
8118
6025
6928
4814
6084
6121
7212
5985
4442
6341
1018
1021
985
987
2816
972
981
901
900
900
898
899
897
900
898
899
900
901
900
897
900
1252
954
952
924
958
957
953
958
957
3141
900
917
939
935
912
907
900
910
901
904
1033
1031
1023
993
1053
1058
1051
1042
1035
1057
1051
1064
2669
1029
1057
1056
1065
1053
1060
1063
1063
1051
1058
1066
1065
1048
1058
1051
1061
1063
1061
1054
1064
1066
1065
1053
1062
3780
1060
1052
1059
1048
4191
1060
1051
1063
1063
1066
1051
1066
1066
1067
1049
1063
1064
1065
1064
1121
1065
1066
1067
1061
1053
1063
1063
1062
1052
1058
1049
1066
1049
1063
1064
1354
1060
1063
1061
1051
1062
1049
1066
1066
1383
1060
1048
1071
1069
1066
1048
1074
1063
1051
1064
1049
1062
1064
1063
1054
1060
1049
1060
1056
1059
1048
1061
1049
1057
2080
1059
1059
1063
1062
1050
1061
1049
1064
1050
1059
1058
1062
1051
1065
1064
1065
1048
1063
1062
1060
1047
4521
1047
1067
1063
1063
1047
1058
1061
1057
1047
1063
1064
1064
1046
1058
1062
1052
1048
1049
1628
1058
1047
1067
1067
1068
1050
1059
1047
5229
3674
4386
7032
2137
5540
2442
4250
5909
2227
3780
2220
5895
2208
5883
2202
4309
4882
2202
5816
2223
4259
5895
2213
8865
2123
2130
5867
2127
4284
6972
4257
2147
5835
2087
2089
4250
3678
4285
3683
4256
4265
2078
5787
2152
5426
5855
2090
4199
2099
5835
5396
4269
5813
4241
4240
2140
7012
4290
3704
4227
8092
4344
7884
4268
7907
5427
5558
2432
2218
8029
4324
9193
4324
4321
5829
4355
6957
2269
9866
2194
6055
7166
3919
4504
3870
6042
5080
6073
6197
8094
3573
1640
1049
1063
1050
1060
1049
1063
1059
1064
1049
1060
1059
1057
1047
1066
1051
1138
1063
1064
1056
1055
3253
1068
1065
1068
1057
1067
1049
1067
1048
1068
1064
1070
1047
1073
1059
1054
1063
1051
1065
1070
1067
1047
1240
1046
1066
1048
1059
1061
1054
1052
1062
1058
1061
1051
1038
1027
1028
1028
1055
1045
1060
1061
1054
1066
1052
1061
1063
1063
1130
1065
1065
1066
1051
1064
1049
1069
1072
1074
1051
1062
1053
1057
1065
1066
1065
1048
1059
1059
1060
1048
1221
1052
1062
2766
1063
1060
1062
1062
1053
1065
1063
1066
1048
1064
1050
1065
1068
1062
1051
1065
1067
1066
1062
1069
1065
1052
3415
1058
1050
1062
1065
1063
1049
1062
1062
1060
1048
1062
1062
1062
1048
1074
1072
1050
1054
1057
1048
1065
2210
1061
1050
1057
1051
1064
1049
1062
1062
1063
1049
1057
1064
1066
1033
932
899
906
905
906
899
907
909
908
899
899
2991
898
904
905
900
905
905
904
899
896
904
904
904
901
903
906
904
899
896
904
905
905
896
938
960
931
4156
919
912
898
904
907
904
898
896
906
909
908
897
1445
898
904
908
905
897
905
904
902
897
897
905
902
962
962
964
965
964
956
975
1016
995
914
909
902
899
909
899
907
900
906
909
907
901
899
932
953
982
985
992
2736
1029
1017
983
945
900
905
898
900
906
899
905
898
903
932
909
918
959
989
1002
1019
1049
1065
1063
1054
1283
1065
1050
1057
1028
1026
1018
1033
1044
1066
1065
1035
1020
1026
1049
1066
1048
1059
1060
1060
1048
1063
1041
1032
1014
3406
1056
1047
1048
1025
1027
1013
1031
1016
1040
1051
1047
1064
1052
1060
1050
1065
1047
1056
1052
1059
1048
1057
2096
1056
1050
1058
1048
1067
1069
1064
1040
1028
1031
1019
1013
1058
1053
1067
1059
1050
1062
1063
1066
1050
1064
1062
1338
1050
1045
1016
988
1033
1033
1038
1021
1030
1032
1028
1014
1019
985
1012
1040
1065
1029
1052
1047
1061
1052
1062
1060
1061
1157
1059
1027
1032
1019
1062
1049
1062
1063
1064
1049
1073
1049
1061
1065
1066
1067
1050
1062
1062
1062
1048
1066
1062
1064
1103
1059
1063
1059
1062
1048
1064
1066
1064
1049
1059
1059
1058
1048
1076
1062
1051
1049
1064
1068
1068
1050
3369
1057
1048
1063
1047
1059
1061
1063
1047
1036
1026
1028
1015
1030
1016
1046
1033
1013
1014
1043
1036
1014
1037
1062
1053
1065
1070
1070
1073
1050
1055
1025
1028
1014
1058
1063
1066
1050
1061
1059
1061
1052
1058
1050
1065
1047
3615
1064
1050
1065
1049
1070
1070
1073
1051
1054
1058
1051
1064
1049
1068
1066
1066
1049
1063
1066
1066
1050
1062
2537
1055
1061
1074
1070
1052
1052
1066
1051
1062
1060
1063
1052
1062
1050
1063
1049
1064
1071
1063
1051
1065
1450
1047
1070
1061
1049
1066
1065
1062
1048
1066
1066
1067
1048
1061
1053
1061
1051
1061
1051
1065
1063
1064
1048
1069
2198
1065
1048
1064
1065
1063
1048
1063
1063
1056
1047
1069
1054
1053
1054
1050
1056
1047
1068
1024
1023
1025
1025
1015
901
906
898
903
906
906
898
906
900
905
898
898
907
907
907
900
905
898
905
900
897
906
904
907
897
905
905
1902
900
902
905
902
897
904
898
897
902
898
902
904
902
898
903
897
898
906
898
905
903
905
903
905
906
904
1120
897
908
897
905
907
907
899
908
898
898
905
898
906
906
905
898
902
898
900
903
898
905
903
906
898
899
904
4325
900
902
918
910
898
927
954
960
1019
1024
1030
1032
1062
1060
1053
1064
1017
1037
1064
1067
1047
1068
1066
1251
1060
1050
1043
1026
1016
1046
1040
1065
1059
1050
1048
1063
1062
1059
1048
1065
1062
1061
4180
1056
1050
1068
1066
1069
1051
1062
1048
1064
1057
1061
1063
1051
1061
1053
1060
1050
1064
1051
1064
1050
2844
1066
1049
1064
1049
1068
1071
1072
1052
1062
1066
1064
1049
1062
1067
1064
1051
1068
1069
1068
1065
1064
1063
1052
3901
1066
1048
1066
1060
1051
1063
1051
1063
1052
1049
1069
1069
1068
1053
1050
1067
1050
1058
1124
1069
1063
1049
1066
1065
1064
1048
1065
1069
1057
1048
1064
1051
1068
1070
1055
1059
1053
1230
1050
1059
1066
1063
1050
3602
1069
1064
1048
1060
4337
1051
1062
1062
1050
1066
1049
1062
1049
1062
1048
1062
1049
4266
1046
1064
1049
1066
1069
1123
1051
1060
1051
1062
1064
1115
1049
1062
1065
1064
1049
1064
1049
1062
1068
1127
1062
1055
1078
1073
1051
1064
1050
1060
1048
1057
1049
1062
1054
1061
1052
1060
1059
1063
1049
1073
1048
1063
1050
1076
1956
1067
1049
1055
1016
1034
1021
1060
1050
1068
1060
1047
1044
1035
1069
1071
1067
1051
1062
1064
1065
1053
1061
1064
1140
1053
1063
1065
1047
1075
1052
1068
1071
1071
1053
1061
1050
1068
1070
1073
1048
1060
1063
1060
1048
1068
1647
1058
1050
1071
1073
1035
1023
1062
1050
1070
1052
1071
1051
1080
1049
1072
1072
1076
1073
1052
1065
1855
1053
1065
2292
1063
1052
1063
1062
1064
1050
1072
1077
1070
1049
1069
1076
1068
1056
1064
1065
4041
1052
1060
1060
1423
1054
1060
1060
1057
1052
1065
1067
1057
1057
1003
961
963
960
978
987
1018
1036
1121
1060
1018
1026
1026
1023
3879
1018
1023
1013
994
993
963
981
968
988
996
983
1005
1025
1028
2249
2098
1033
1049
4123
958
1016
1028
1025
1025
1016
1006
993
995
986
973
954
965
3221
995
982
998
993
1034
1038
1023
1014
1037
1048
1045
1030
1030
1019
1023
1068
1050
1059
1068
1052
1059
1054
1212
1062
1050
1065
1050
1059
1061
1060
1049
1062
1062
1035
1018
2022
1053
1062
1059
1059
1055
1058
1052
1059
2102
1061
1060
1053
996
977
970
963
953
918
901
923
933
936
927
926
944
953
964
10199
4276
4281
5911
4284
5818
5700
4285
2185
5824
2127
5584
4588
5424
5828
4302
2184
9120
4291
2153
3659
2080
2104
5842
2088
4193
4118
7495
4444
4156
4190
4185
7825
2082
2089
7622
2150
4316
4223
7973
4264
4256
9128
2129
2136
8011
2127
4290
7011
2185
5812
4287
2181
5880
5438
4313
5866
2130
5528
2415
2221
5794
2119
4278
3769
4338
5632
4627
4282
3708
4319
5814
2135
2185
9219
2189
2184
3762
4294
3717
5496
2177
5831
2188
5881
2183
4291
6992
2144
5589
2479
4298
3718
5405
4242
7565
4516
4227
5401
7848
4232
5865
4281
2220
9183
4303
4310
7992
2180
4247
3673
4273
6022
5719
2472
4181
5878
4334
4285
3740
2182
4299
6987
4283
2189
5912
4275
3256
5797
2171
2179
5878
2129
7709
5746
2180
5876
2127
2181
5820
2183
4294
5820
4285
3412
4583
2125
5768
2182
2126
8063
2142
4282
3838
4288
3761
4284
2185
5819
2126
5878
5415
4240
7863
4226
5391
7861
4232
4233
5897
5462
5825
5853
4297
5814
2195
2090
5777
2179
4290
3768
4293
3728
4308
5424
3727
2194
2185
5816
2132
5862
4221
4250
3696
4246
2138
2049
7531
4595
4337
8046
4318
8927
2185
2183
5887
2187
7778
5730
2161
2139
8026
2109
5808
5450
2118
5873
2171
2119
3646
4345
3771
4281
2130
5828
2134
5610
4592
5427
7561
4509
4233
5399
7852
4220
5473
4577
5471
7683
4604
4355
5770
5488
3546
4569
2116
5869
2182
4276
9173
2129
2184
5822
2183
5523
2546
4281
3640
4335
5622
4561
5429
24751
3723
3837
6024
4285
2189
8007
5433
4290
3704
4294
2185
5821
5416
5575
2479
2180
5819
2178
4328
7879
4278
4246
5878
2151
5412
5779
4216
4216
9060
4234
4221
7852
4215
8023
5427
5484
11267
3589
2114
5876
2181
2132
5874
2175
2170
5878
5432
5565
4579
2122
5888
5439
2181
5748
2120
4275
3631
5484
5523
2480
2129
5884
2174
2178
5843
2182
5889
2178
2124
5876
2167
2118
5823
4244
2126
5816
2182
5762
2125
5500
7624
2480
4282
3752
4323
2103
5879
4251
2137
5776
2118
2070
2133
6658
4555
4198
4196
7842
4191
4200
4199
7801
2079
4332
5835
4253
4216
7721
4635
4262
7958
2185
2129
8035
2183
4226
8758
4545
4200
2100
6962
4233
2074
2130
5828
2144
4255
3359
4471
2144
2138
5426
2439
4241
4295
5825
2123
2188
5828
2172
3444
2449
2178
9206
5419
2164
8008
2133
3344
8084
2265
5952
2286
10956
5962
4353
9234
9278
2185
2188
7878
4238
13223
4240
4233
7878
3404
5824
2188
8242
4442
7001
2117
4303
5819
2186
7774
3615
2113
3381
4622
4284
5871
2126
2151
6995
4333
4213
5840
2090
2149
4258
6919
4267
2116
5812
4241
2161
5742
2090
4295
4254
5838
2089
3326
5781
2129
2179
5823
2166
4245
4538
2505
2107
5541
4504
2105
4258
3655
4229
5983
4425
3677
4271
3411
4627
2186
5921
4286
4230
7858
4175
7574
4520
4240
7926
5429
4286
5777
10218
2212
8131
7149
4445
9337
5942
4464
5959
10140
4792
6060
6051
4443
7175
6012
4234
5833
2184
3318
3683
2185
4292
3702
4291
3715
4338
4245
5874
4285
2129
5873
2215
2159
5788
2183
5823
2118
2171
5918
4284
5414
5847
4224
5641
4566
5428
3455
2473
2172
7871
4231
4175
7880
4236
4235
7860
4225
4268
5826
4298
4294
7019
4299
7995
2171
2126
9148
4331
4329
5828
2184
2166
4832
2124
4299
3717
2150
5869
2115
2119
5918
4247
2182
5873
2130
4291
3769
5567
5865
4284
2123
5815
2130
6683
4591
2191
5921
4282
2128
7061
4285
2183
5886
2129
4900
4373
4271
5827
2166
4284
5887
2127
4290
9127
2184
7676
4533
4233
7825
4226
4228
7882
4182
4292
3714
4472
6024
7013
4350
4304
8036
4289
6696
2475
4291
3683
4272
2173
5836
2186
2176
3759
4334
5810
4286
2183
3738
5406
4246
3769
4289
2120
7102
4291
2184
5825
2182
5524
2423
2180
9221
4292
2131
7973
2179
6808
2427
2132
5836
2146
4294
3699
5453
4285
3658
4290
2121
5776
4289
5425
5928
4297
2157
7847
4186
4215
7843
4200
4194
5394
2435
2185
5875
2128
4300
6970
4290
4293
5854
2182
4289
3704
4270
3698
4273
4271
3750
2185
5440
5871
2123
2127
7985
4297
9247
4302
4304
8003
5489
4261
3668
2136
4262
7680
3616
4289
3317
4588
2134
5825
2132
2184
9192
2116
2170
6032
5747
2200
2181
5820
2110
4249
3667
4249
2092
5838
4240
2168
3779
2138
4253
2145
9007
4239
4236
7832
4195
5398
5779
4252
2147
5784
4220
4258
4208
7989
4289
4337
6995
4325
5990
4312
3620
4189
3321
4292
5831
4251
2144
5481
3566
4254
2080
5880
4294
2096
4244
3739
4221
4281
5866
4309
2154
6977
4288
2177
5743
4253
2091
5432
2419
2190
5552
2436
2136
2122
5838
2089
2136
4277
9124
2129
8019
5460
4289
5861
4292
3472
4593
5456
7938
4227
4206
7579
4442
4225
8053
2123
2117
5858
2133
6039
8114
4417
7904
4245
2127
5825
2130
8271
5668
2506
8050
2244
8153
9342
3873
5703
2503
4303
9174
2181
2126
5033
4301
2142
9230
7539
4243
6908
5397
4234
5421
4211
5825
2099
2140
8745
2429
6637
3402
4544
2183
2108
7946
2084
4219
2058
5510
2510
9177
4202
4176
4166
7847
4180
4235
3677
2144
4229
2053
6977
2086
2082
4234
3581
4240
4252
5441
5765
4233
2069
4212
3686
2046
2113
5371
2092
7970
2100
4225
2104
5802
5374
2086
4247
3680
4297
4253
4500
4234
4224
2092
7985
2051
4259
4206
3301
2436
4214
2125
2097
5480
2395
5356
4236
2134
5782
2091
2090
5783
2087
4248
2060
5796
2111
2112
4231
7160
4334
5825
4282
2131
7030
4235
4233
7841
4196
4199
9052
4223
4232
2109
5752
2144
4231
2067
5787
4247
2053
2063
5796
2123
4204
4252
5809
5501
4301
9117
2203
5583
7504
2187
6152
5869
4244
2057
2107
3636
4274
2110
5853
2085
2113
4222
3637
4218
2111
5368
5522
2342
4169
4220
2119
6996
4250
4233
2116
5803
2115
4238
2100
9247
2184
5844
2099
4257
5380
4292
5776
4288
4244
5842
5383
4293
7522
4479
4181
4141
7534
4482
4238
2115
2069
3625
5402
2089
8209
8199
4393
7972
2138
4224
5564
4527
5408
4253
2063
5751
2111
4220
2108
5491
4547
2143
4287
5829
4248
3332
4256
3623
4237
4240
5798
4206
5358
4280
4239
5793
2108
2050
4231
9257
2096
4225
2108
7013
4222
2058
2077
8031
2165
2106
4213
2127
6938
4246
2119
2102
5799
2102
5440
2145
7837
4163
4160
4213
9077
4199
4186
2073
5753
2133
2082
4220
7986
2108
4204
7969
4234
4201
2147
5835
2086
2140
6729
4551
2145
2067
5799
2060
4230
2089
5773
5359
2058
4220
2112
5421
2409
4232
5388
2063
5805
2167
4208
4202
4468
4528
3855
4279
2047
5744
4215
5374
4249
3628
4252
2134
2144
9131
4262
2091
5836
2094
4305
4836
2088
4244
2118
5807
2119
2091
4296
9065
4202
4203
4177
7813
4133
4202
4181
7772
2042
4193
5382
5502
2374
4282
4231
7665
4512
4290
2080
5755
2057
2131
2161
4227
6966
4294
4247
5750
2057
5363
2131
2080
5747
2052
2111
4240
3661
5374
4246
5558
2092
2132
2094
7717
4148
2133
8029
5444
2089
2103
2422
2093
4252
3677
4251
2078
2142
7955
4201
2095
5545
2398
2087
2085
5887
5392
4258
3673
4288
4218
2061
9101
2088
4181
4161
7803
5339
4182
4172
4180
7874
4273
5408
5495
4593
2113
4265
9556
4297
4237
2106
5507
2384
4299
4219
5828
4253
2082
4247
3763
4274
2132
5835
2206
5873
2118
2080
5494
5739
2134
2115
7646
2424
4235
5406
7907
2169
2106
4218
2113
7041
2143
4230
2045
5811
2143
2142
4250
2403
2085
4223
3341
4515
2123
2146
4302
5741
4253
2144
5813
2081
4303
5406
5854
4186
4188
8734
4511
4226
4194
7794
4258
4230
2096
5834
2052
4244
4318
9146
2087
2088
4223
3576
2090
2048
2042
6729
2443
4275
4256
2124
5804
2140
4281
5397
5844
2053
2109
4259
5879
4273
5470
5759
4199
2094
2089
4223
6974
4247
2133
2057
3633
4234
2063
4216
2093
5752
4154
2115
4251
5799
2080
2139
5817
2111
4261
4263
2069
9049
2137
2079
2109
7903
2053
4202
5369
2133
3658
4218
4185
4186
8973
4180
4169
4201
4149
7796
2140
2131
4223
3330
4529
4224
4258
4223
5768
2132
4152
4204
5806
5381
2091
4249
3390
2150
2109
4212
2124
9125
4244
4175
4156
5776
5420
4269
2102
5724
2043
2101
4218
5383
5826
2145
2129
4208
7948
5391
4252
2091
7958
4242
2147
5746
2136
2128
4215
7853
2054
2147
2062
7645
2430
4206
2110
2047
3691
4272
4205
4265
5829
4192
4199
5380
7809
4187
4193
4196
5861
2109
7690
2443
4245
2070
5458
4586
4273
4321
7658
2383
2058
4288
5439
4584
2121
4217
2053
5751
1791
5792
2094
4242
5824
4240
2107
3264
5781
2127
2042
4201
4201
5732
4210
4190
2044
2061
5501
2351
4226
4266
5390
5778
4237
4162
4257
3359
4216
2801
4218
3394
4556
4219
2089
7729
2394
4235
2058
5549
4636
2177
2088
5838
2134
2082
5818
4174
5377
8027
4309
7974
8933
4727
5969
4401
3704
6139
8156
8183
2176
5994
7148
2286
5549
4521
2113
2056
4280
5802
4288
4232
2113
5690
2058
5451
4248
3413
4541
2138
2138
5837
5382
4251
2145
5786
2145
2133
3616
4250
5407
2109
6990
4253
2091
5571
4010
2068
2144
4254
7077
2147
5458
5848
2180
2157
5807
2101
2037
2057
5461
5836
2131
4205
2099
5428
4438
4108
4153
4156
4160
7813
5386
2146
4251
3590
4218
2051
4170
2053
7966
4262
4315
4231
5752
2126
4221
2145
3707
2058
4236
2140
5835
2058
5394
4223
3698
4259
4205
2094
9385
4348
5864
3786
4233
2149
5384
3665
2085
4246
3685
4252
2141
5544
4546
2144
4255
3735
4293
4245
5397
3616
2142
6001
3675
4325
4212
5398
5759
2139
2092
5577
3835
6010
4351
3737
5969
4371
7970
4224
7825
4192
5378
4196
3730
4247
2145
5859
4215
2032
5398
5496
2367
2079
2081
5773
3283
4249
2146
5842
2092
2134
3720
4284
4259
5384
5482
2433
4203
4203
2137
5741
2081
4226
2110
5752
2102
2113
5418
2139
5778
2110
4209
4243
5803
5371
4251
2079
5456
2355
2108
4211
2122
6932
4297
4229
2052
7596
5669
4242
2119
4210
3649
4259
5420
2127
7709
2385
4240
2138
5763
4125
4196
4197
7869
4152
5354
4197
4169
7935
2121
4216
2076
6631
4562
4249
4227
4229
9061
4253
2089
7684
2390
9161
2102
5777
2076
4282
4238
5820
5401
2146
2144
6237
2148
2153
2163
4126
7970
2079
4216
2110
5850
4215
5392
2137
4522
2176
2184
2164
3794
2271
5383
2085
5530
2359
4219
2109
2055
9027
4254
2951
2186
3811
2290
2145
2133
5330
3595
2100
2047
2107
4207
5746
4259
4136
4201
5477
2280
2294
3721
2608
2279
4163
3627
4251
2092
7564
2500
2276
2149
3834
2177
4224
4228
7630
4516
4188
2137
4536
2187
2165
2152
2154
3834
2054
2062
2062
3702
2103
4262
4213
2058
9036
4244
4246
2949
3818
2195
2181
5016
2091
2092
4250
3725
4252
2144
5057
2181
2135
2177
3498
4495
2047
4196
2143
5485
4254
3425
2191
3820
2187
2187
2200
6988
4191
2062
2087
5420
2352
2096
2091
2057
4246
8272
2179
2163
2160
3794
2152
4222
5427
7565
4191
4167
4163
4186
7779
4198
2146
3454
2194
2188
2196
3895
2092
4259
4309
7964
4260
2941
3827
2152
2179
2193
3719
4304
2147
5421
5412
2356
2050
4219
2111
5754
2100
2112
4194
2091
4577
2156
2152
2159
3790
2067
4233
4205
4242
5840
2117
2111
4223
3648
4228
4253
2139
6635
2199
2198
2205
3897
2295
5879
4247
3376
2366
2130
3402
3350
3808
2187
2164
2156
5825
4255
4257
2128
5783
2939
2172
2165
3799
2154
2142
4223
4219
7893
4179
4158
4170
7791
4209
4184
2939
3800
2190
2196
2182
5849
4316
4262
7664
2365
4252
4263
5513
2431
3996
3958
2276
4996
4269
2094
7466
2180
2169
2163
3798
2125
2088
4264
5787
2086
2086
4252
4814
3640
3827
2197
2178
3801
2070
4219
2045
2150
7924
2282
5813
2107
4219
2167
6561
3764
2685
4035
3813
4442
3785
7990
4428
6001
3945
4133
3820
2189
2151
2162
2150
5774
4220
2056
2159
7641
4493
4176
4216
4158
8674
2255
2274
2273
2174
3708
2058
4230
5647
4251
3292
4523
4280
4267
8149
2179
3482
2437
2149
2155
4216
7999
2143
4198
3437
4520
2113
2059
4292
8737
2396
4252
2110
3270
2411
4218
8647
4127
4088
2407
9451
6069
5919
2309
6064
7229
4903
2446
2181
2172
2163
5840
5437
2081
2130
3642
4217
2106
2050
4219
3636
4154
6914
2163
2163
2187
3800
2166
2063
4260
5741
4188
4199
4239
7836
7102
4277
2508
3983
8286
3938
3665
4191
4229
2069
7992
5407
2079
5924
3491
2453
2157
2153
2152
5450
4541
2143
2146
7972
4293
2094
4197
4752
2187
2186
2195
3824
2186
2101
6966
4288
4245
2137
7919
2090
7855
2170
3799
2151
2166
2148
2057
3571
5368
2132
4215
2050
3316
2402
4216
2048
2110
8781
2597
2286
2198
3825
2184
2174
5568
4464
2140
2087
6340
2482
2151
2161
2150
3794
5399
2075
4226
4159
7803
4909
4138
3418
3974
2251
2154
2201
3753
2052
4208
4258
5821
2036
4212
4218
4251
6602
2500
2205
3567
2502
2220
5835
4202
2093
2078
3615
3166
2179
2165
3789
2212
2184
2096
7927
2112
2111
4218
3591
4272
4213
3420
2171
3905
2155
2153
2165
5831
4204
2143
2069
4260
5794
4204
2042
3227
2082
4934
2159
2258
2162
3835
2091
2078
2080
5785
4250
2149
5539
2381
4254
2089
5877
2130
2285
3832
2199
2202
2175
5892
5391
4251
2137
7410
2269
2241
2251
3971
2251
4207
4194
7493
4517
2113
5420
2075
5010
2230
2141
2164
2161
3691
4237
4223
4237
5527
4548
2145
2145
7043
2937
2200
2185
3830
2196
2187
5808
4359
4207
5780
4201
3380
2193
3878
2185
2163
2156
5820
4251
4217
2109
5792
2129
3548
4032
4008
2164
2177
4198
4829
2080
4263
4229
5834
2084
2047
2036
3346
4502
4245
2166
4297
2496
2199
2180
3884
5409
2127
5782
2141
4251
3427
5749
2320
2202
3805
2199
2195
2301
7858
4198
4139
5612
3706
2275
2292
3930
2213
4356
5821
4238
4200
4255
3602
4314
4292
4259
5834
2135
2079
5874
5364
3437
2202
3924
2151
2148
2164
2103
5794
4217
2128
2107
5811
2059
4218
2054
2085
5745
2082
2940
3606
2477
2199
2186
3781
4258
4236
3610
2135
2144
3431
3810
2161
2168
2186
3730
2092
4264
4294
5855
4223
5396
4254
4579
2153
2156
2137
2155
4870
2091
4281
2108
5808
4167
2111
2093
2108
8750
4523
2132
2926
4034
2295
2306
2285
5578
4457
4155
4161
4166
3659
4218
2245
3468
2202
2174
3805
2196
2090
2078
4792
2081
2072
3832
3819
2187
2174
2156
3699
2055
4221
4251
3697
4260
4218
2044
2045
5790
3440
2179
2160
3494
2537
2153
2059
2108
9124
2146
2127
4203
5529
4501
3220
4246
3179
3826
2185
2200
3610
4539
3267
2094
5833
2090
5991
2173
3793
2160
2164
2147
7664
4560
2112
4155
4208
5488
3746
2185
2165
2164
3798
2153
2067
4255
5754
2092
4232
2054
5848
4146
5346
4295
5219
2250
2259
2247
3986
2055
2076
4222
5840
2145
4232
2111
5767
5418
1930
2199
3827
2200
2184
3826
2084
2086
4249
9111
3625
3472
2553
2191
2183
3731
4210
2112
4248
3647
4251
2086
2139
6969
3198
2162
2166
3810
2177
2179
4318
7916
2145
4255
3431
4587
4252
4234
5378
5049
2183
2186
3839
2185
2091
2076
5813
2143
2145
5535
3723
2195
2187
5043
2188
2180
2046
5742
4206
2057
4161
2105
5736
3444
2308
3888
2146
2155
2182
8989
4175
4187
4193
7842
7847
4249
3424
3777
2164
2157
2262
3757
2090
4260
8128
4441
8019
2093
2040
3831
2208
2193
3815
4359
5544
6678
4551
3814
2183
3828
2199
2187
2209
4423
4534
2112
2106
4258
5800
4223
5381
2145
5087
2189
2179
2160
3872
2066
5455
4244
5821
4213
2103
2059
7732
5675
3426
2185
2189
3830
2182
2195
5867
4252
3805
2250
4282
4535
2177
2187
2156
3821
2132
4257
4264
4242
7843
4127
3408
2284
4045
2295
2278
2253
7509
2082
2111
2112
5526
2443
4255
6492
2481
2184
2189
3808
2191
2102
4269
8004
4239
2140
4236
3731
4241
4240
2077
3650
2197
2193
3814
2201
2091
4245
7000
4245
2087
3779
3794
2150
2169
2196
5836
4265
4251
2146
7952
2051
4230
2141
6647
3713
2171
2166
2160
3764
2143
4192
4227
5509
4673
5585
4514
2216
5428
5057
2261
3512
2482
2194
2174
6662
4576
2087
2165
5783
2146
3419
4020
2261
2298
2292
5934
4176
4154
4182
5381
7132
2194
2199
3827
2183
2190
5400
3602
4233
4226
4282
4285
9109
2129
3402
2189
3827
2198
2189
5886
4220
4229
2107
4206
3677
4209
2104
2128
4207
3837
2197
2197
3814
2176
2174
2092
6978
2082
4250
5115
2455
2164
2150
2154
3430
4471
4232
4211
2114
8037
4289
4200
4790
3546
2179
2176
2189
3730
2072
4139
5402
3665
2112
4264
4206
2093
6634
3470
2177
2197
3822
2178
2177
2092
5738
4141
4198
7539
6180
2311
2265
2252
4007
2152
2065
4229
5744
2048
2147
4197
4594
2201
2174
2143
3508
2456
2070
4295
5366
5833
2050
2112
4259
4254
6973
2126
3408
2163
2160
3787
2156
2156
4271
7956
2078
2050
2134
5776
2108
4220
2114
8769
2619
2182
2186
3809
2337
5989
4271
4290
5484
3689
2184
2191
3866
2165
2142
2052
5754
2047
2056
4220
2057
5810
5383
3196
2161
2156
3762
2146
2154
2063
5423
5789
2092
3239
2055
5836
2171
5422
5646
3709
2295
4170
2363
2300
7790
4183
4244
2081
3718
4239
4243
4165
5805
4337
4263
5709
6658
5566
2142
8032
2161
5404
2127
5747
2107
4209
4204
2110
7933
2165
2085
4225
3647
4218
2077
2119
8873
2136
2133
2110
4213
3649
4216
2123
5398
5857
2115
2060
2034
5796
4237
5395
2101
5813
2090
4290
4290
4778
4175
2043
2047
4212
3637
4289
2067
2097
5736
2133
4219
3252
5450
2403
2137
2050
5393
7840
4184
4164
4231
7775
4169
4171
4252
3700
4219
5381
4263
7987
4218
4241
4280
5481
4489
4194
2041
4208
2139
6988
2135
2091
4266
5762
4393
3844
4298
3680
4218
2057
2109
4219
3657
4211
2093
2068
7953
4228
2125
5398
5860
4247
2113
4220
3335
4521
5379
4239
4243
3655
4290
4278
3272
5773
4197
2107
4219
2113
5826
4240
2145
5778
2145
4256
2136
5786
2056
5379
4189
7830
4187
4230
7486
4477
4186
4182
5839
2143
2144
5838
2042
2034
2058
8075
4322
5388
7576
2425
2143
4250
3669
4326
4236
2118
5837
2076
2080
5826
4208
2146
4198
3700
4264
2114
2055
5793
2089
4234
2077
3596
2056
4340
3796
4272
5392
5784
4239
2105
2058
4218
3731
4250
3323
2338
2095
4201
2094
2100
7933
5377
4242
4241
5878
5424
4296
4248
5847
4212
2053
4240
2098
6994
4232
4176
7535
4506
4128
4187
4158
7770
4218
5383
4246
5796
4227
4221
4234
4259
8105
2172
5834
2134
4237
5393
5830
4285
4261
2123
4226
6974
4252
2064
5487
4522
2111
4234
5387
5781
4247
2144
2108
3721
4230
2143
2113
7891
2061
4269
5434
7002
4294
4219
2044
4203
3643
4228
5381
4244
3676
4253
2160
9138
2092
2145
4185
5826
4245
2108
5505
4562
4203
4201
7831
4208
4197
4195
7829
4174
2105
5422
5833
4264
3384
4578
2045
2069
5353
3580
2122
4150
2134
5848
2170
4263
5404
5840
4215
2101
2130
7984
5391
2114
5803
4254
2145
2093
7001
4254
2176
5501
2354
4210
4199
5376
5839
2057
4252
2046
4217
3637
4261
4228
2103
7984
2224
4307
6882
2135
4210
4211
2055
5804
2145
4205
2140
5835
2056
2055
4213
3645
5403
2142
4231
2059
7793
4154
4181
4198
7831
4256
7652
4523
5355
4236
4212
3625
4272
5362
2077
2097
7909
2053
2122
4241
9180
2091
2115
2046
5863
2130
4244
2059
5479
4285
2155
2160
5804
2053
2057
4226
5399
5836
4241
2111
2111
7956
5369
4242
4285
3690
2055
4210
2111
5364
3600
4245
4157
2125
5466
2429
4213
2143
5878
4218
2063
4240
8807
4532
2072
2108
4164
3702
4252
2079
5487
2436
2105
4219
7970
5414
4198
7844
4252
4197
4194
6945
4252
2153
5414
4513
5379
2083
4310
7957
2140
2149
7212
4299
3719
4294
4248
2144
7965
5397
2128
8032
2186
4290
4903
2184
5820
2089
2142
7974
2087
4345
9226
2115
4211
2105
5811
2091
2140
4276
5813
4248
2091
5842
2122
3236
2132
7964
2143
4247
3671
4386
7005
4250
2142
2143
5838
4218
4241
5785
4253
2147
4187
7564
4127
7536
4491
4248
4202
9052
2130
2136
4278
3648
2079
2099
5558
2425
4303
5817
2084
2078
2088
5821
5377
4232
4231
5784
2145
2141
8761
2442
4249
2138
5835
2093
5800
5402
5883
4249
2088
5540
2431
5385
2140
5469
2423
4224
4277
2135
5819
2134
2090
5814
4297
4248
3344
5821
2148
2142
5842
22650
8052
4345
7947
4562
2083
4244
7838
4212
4169
7836
4197
4192
5393
5751
4245
2135
5546
4551
5617
5873
4298
7959
2091
2164
2140
7888
2170
4243
5829
4289
2183
6948
4258
3906
5811
2182
6648
9164
2092
2090
5448
5808
5377
4252
2145
3713
2121
2074
4244
6919
2080
2091
5475
2390
4270
5894
9095
2080
4291
7969
4316
9170
2190
4265
2099
7952
5390
2146
2132
5787
2131
2053
4215
7792
4196
4199
4199
7827
5349
4180
2087
5762
2086
4252
3324
4550
5458
4244
7958
4265
2138
5745
2087
4242
3375
4535
4240
2117
9069
2092
4235
2109
3623
2107
4225
5429
5883
4249
2089
5834
2093
2114
4233
6174
3381
5282
2093
4268
5494
4534
4525
5892
4245
2175
5838
2142
2089
4247
3641
4252
2087
5529
5646
4281
4216
2078
5833
3340
4267
3677
4253
2098
4254
4214
7791
4384
7814
4156
4141
5305
4184
3666
4251
2089
2143
7994
4254
4293
3650
4335
4310
7014
4291
4252
2129
3605
2081
2088
6972
4281
2082
4239
5827
4246
2141
4197
9053
2056
2111
4216
3399
4524
2080
4293
5821
4279
4335
5894
4249
4234
6122
3143
4590
2069
2066
3792
5826
4242
2142
5840
5547
4248
5877
4240
2147
8030
2134
4216
5381
5784
2144
2088
5534
5687
4241
4192
7504
4453
5322
4179
4181
5804
4223
2082
2091
8761
2396
4247
4226
7743
5707
2134
2116
2056
5806
2099
2102
2105
8827
4555
2146
4259
5833
4211
2126
4209
2146
5779
2144
2082
3606
4320
5412
5843
2128
4236
2123
5803
4241
5392
5908
4302
4254
2085
9073
2256
5893
2140
2141
7731
2394
4256
4243
5781
2076
2092
4297
9123
2101
2104
5773
2110
4214
2112
2098
4543
4176
4177
7825
5368
4194
4181
5719
2145
4283
2128
9091
2090
2090
7664
4564
5388
4248
3679
4250
2081
2086
5788
2263
5834
2091
4252
2142
5817
4242
2111
9219
2193
5540
2386
2138
4252
7032
2135
2071
3585
4290
4278
7071
2092
4244
2143
5842
2081
2091
9185
2162
4243
4241
5780
2088
2142
9118
2085
2109
4213
2052
5744
2058
2052
4252
6963
4213
2047
2059
4218
3635
5357
4194
4191
7814
6570
4217
4217
7936
2130
2083
6654
4502
4242
4282
7683
4611
4202
2119
2111
8030
2089
4203
4251
5844
3455
4646
4269
5843
2143
2048
4196
2102
5746
2054
2109
4262
5544
5576
4252
2174
5786
2085
2084
5825
2096
4293
4298
5793
2086
2091
7038
4253
2092
2130
3601
4296
4295
5843
5375
2086
4293
5890
4251
2143
2096
7918
2150
4201
4237
5776
2135
5391
4200
7859
4176
4207
7865
4188
4163
2122
7637
2417
4268
4289
4229
5744
2046
2046
2058
8850
4768
5932
2086
2140
6979
4251
2094
5484
2381
2134
2077
7009
2141
4249
2089
5841
2160
2170
3654
5409
2121
2062
5780
2147
2088
4206
7975
5388
2158
5483
2390
4295
4296
4921
4245
2145
5536
2444
2092
4244
8820
2450
4242
4290
5795
2085
3307
5836
2145
2228
5889
2111
5479
2439
4206
4200
7527
4430
4219
4189
4146
7836
4198
2167
5825
5372
4207
2091
7965
4314
5435
5828
2090
2144
4250
3676
4298
4253
4216
5790
4249
2085
5838
3293
4245
2087
5783
2088
2146
7961
3293
2072
4245
3424
4542
2150
2170
6980
2143
4247
3428
4545
4232
2091
9179
4249
2088
2088
5829
2145
4252
7549
2434
2131
2137
3665
4248
2093
5516
5641
2092
5940
2205
4252
3628
5447
2114
2128
7865
4192
4214
9061
4249
4200
4194
8011
6033
2158
4204
5767
2079
2087
4295
6992
4256
2089
2081
3614
4297
5438
5840
2140
4257
3820
4270
5533
3513
4240
4284
5819
4282
2144
9114
2143
2081
2078
5782
2145
2081
4845
2132
4294
5875
2196
4287
3726
5462
2179
5807
2129
8205
7321
2156
6545
3497
1930
3804
1787
2139
5573
2407
2185
5871
2145
4243
4235
6957
2079
2070
2152
8391
3971
2604
1522
6226
4266
1671
8453
4294
5435
3712
2078
2146
5756
2079
2093
4264
8009
4268
2164
3733
4256
2107
3450
5428
2111
4238
5826
4257
2089
5869
5486
2151
8099
2106
3649
3368
4289
3712
4249
2129
5872
2136
4270
5431
5844
4248
2143
5821
5442
2169
5545
4469
2268
5784
2091
5495
5836
2093
2085
5543
2448
4284
2083
6960
4247
4198
5782
5329
2170
4342
7914
4204
4195
9042
4224
4239
7878
4278
5859
4290
2188
5774
4305
8029
4263
4329
5528
4545
2156
5445
3697
2073
4245
3378
4596
4246
2145
5785
2081
4282
4170
5806
5433
4254
3327
4548
2145
2138
10274
4241
4242
2141
5828
2144
2173
7096
4282
2179
3658
2094
2187
5835
2102
2225
7969
2145
4255
4184
5800
2108
4271
8076
2197
8056
2081
5434
5806
2178
2095
2142
7912
4193
4176
7863
4217
4198
7892
4205
2089
5535
2447
4253
2079
5793
4209
4252
2076
5839
2132
2201
7981
5377
2083
2092
5820
2188
5855
2160
4289
5769
4227
2133
2131
5764
2139
4219
2148
5823
4254
2182
7959
6691
2145
2263
3372
4552
2144
2172
9126
2092
4279
5823
2131
2088
4191
6985
4330
3855
4345
2135
5821
5379
4242
2131
5832
2083
2072
5435
3644
4245
2079
2091
7914
4190
5354
4187
7829
4193
4243
7532
2093
2091
4253
3621
4268
4260
4308
7896
2080
2092
6023
7144
2133
4247
3680
2186
2097
5482
4605
3242
2124
4279
5834
4268
2181
5870
5436
3358
4589
2181
5875
2122
2127
7000
4292
2131
5844
2144
2147
4256
9089
2092
5897
2268
4318
9054
4293
4255
5480
4534
2090
4228
5777
2087
2129
4234
6992
3346
2157
7921
2145
4254
7537
4537
4142
4197
7515
4498
4196
4143
5795
2134
5430
4264
5806
4216
2076
2091
5811
4287
4255
5868
2144
2135
5769
2082
4237
4184
5386
5843
2113
2091
5835
2143
2086
9309
2173
5787
2143
2090
8053
2171
4197
2089
3659
2147
4296
3621
4248
2134
5373
3720
4244
2088
5773
2137
4270
6701
4285
2130
5879
2130
2129
9189
2165
2168
5807
2127
7746
2266
5830
2109
2142
5822
2092
4185
4177
7778
4188
4188
7830
4181
4140
4253
3734
4292
4248
5438
6934
4251
4262
5523
2436
4247
5391
5582
4540
2091
2118
9088
2168
5475
3702
4289
7674
5678
2155
4254
3625
4363
5701
5969
4242
4240
5840
2164
2144
3338
5870
2174
2088
7976
2078
2082
3714
4246
4275
5485
2447
2081
9252
4275
2115
3786
4285
2132
5836
2168
2094
8024
2097
4250
3314
4593
4202
4199
7865
4198
4189
7828
4141
4259
2077
5828
4249
4230
4217
8019
4264
4262
5837
4254
4247
2118
3692
4236
3334
2117
7009
4236
4253
5533
2438
2145
8086
2129
2136
5786
2141
2142
4241
5843
5379
4252
3378
4593
4237
2144
9093
4445
5852
2094
2089
5443
5826
4245
2142
8007
2105
5506
3716
4275
2090
5781
2146
2079
2132
9097
2086
2166
5872
2127
4333
9251
4196
7833
4197
7665
5616
4187
4245
5539
2445
4214
4198
6982
4260
4313
4280
9176
4247
2163
5808
2132
9273
2181
5606
4578
2089
4289
9051
4272
4238
3359
2447
4251
2090
6970
2072
2086
4245
3730
4249
2090
3314
5760
2088
6060
4294
2101
5564
5665
2117
2127
4276
5803
4250
3328
4283
5769
4252
2094
5835
2089
3244
2083
5819
2086
4294
9193
3240
4220
4221
7844
4195
5385
7973
4199
3322
4550
2087
2134
5495
2087
4262
4346
8080
5393
2190
5832
2095
4254
2089
5769
4237
4137
3321
4551
2145
2137
5841
2130
3328
4238
5773
2132
2149
7929
2189
4273
3669
4271
3825
2258
5930
2090
2108
5829
2182
4264
3732
4251
2091
5525
3590
4237
4300
3683
2178
4333
9098
4288
2181
3750
2127
5869
3306
4238
5824
4268
2092
5481
2380
5434
4259
7885
4188
4196
5408
7819
4199
2144
3672
4253
2108
9297
4306
7703
5756
2161
4189
3665
2131
2168
2091
5838
2092
5464
5916
4251
2145
5482
2434
5451
4204
5843
2085
3808
2143
4253
2114
7009
2079
2091
5807
4294
4244
2180
5800
2135
2130
5782
2139
2139
7003
4259
2132
2127
5795
4294
4250
5889
4249
6028
4312
5860
5481
2094
3300
4594
4251
2091
5840
2156
4232
7832
4197
4200
4237
9001
4198
4191
5832
4242
2160
4210
5917
2115
7933
2077
2084
6816
2414
4295
4244
5870
2196
5636
5618
2153
4295
7957
2141
5425
2093
5833
2110
4270
2123
3660
2133
3326
5484
2477
2145
4251
3727
2088
4288
3729
4251
2091
5786
2140
2121
2067
6706
2479
4295
3749
4284
2118
5823
3326
5542
2353
4198
2142
3736
4262
2092
3350
3655
4197
2100
5698
4213
3650
4140
5415
7939
4153
4155
4216
7819
4275
4196
5816
5494
6663
4595
4259
4265
8015
4234
2146
2141
5788
2144
4242
6979
4253
4254
2130
3693
2182
5613
5675
4274
2143
5733
4249
2081
3451
5665
4291
3409
4583
2172
5866
2177
5517
4531
4282
2076
7969
3317
2188
5839
2115
4226
2103
5841
2066
4204
2146
5804
2122
2085
5538
2466
2211
5836
2092
4241
5983
4289
4368
4554
2147
2087
7859
4164
4162
5360
7537
4488
4221
4221
3324
5858
4296
2085
7973
4306
3265
2092
5854
2100
4298
5809
5485
2191
3655
4247
2092
2136
3727
2060
4219
2122
6989
4246
2070
2052
5808
2046
2045
2122
2120
5760
4154
4218
2057
5505
3605
4298
4249
2050
5735
2091
4221
2125
5926
2082
5730
2090
2138
4249
3625
5438
2146
5788
2146
4299
3318
4585
2086
2088
5841
4172
4246
4258
6985
2092
4246
2084
7831
4197
4261
7817
4238
4214
7820
5390
2119
2110
2141
7968
4244
4230
5435
5792
4243
4239
5823
4251
5391
2104
7928
2143
4286
4254
9293
5926
4250
2088
5873
2146
4252
3625
4250
2090
2075
3669
4254
5374
5483
4473
4235
2131
5428
5837
2092
2091
5785
2091
4362
2569
4247
3716
4331
5524
4551
2141
3251
5834
2085
2144
4228
3687
2098
2056
4238
5386
5784
4186
4189
9041
4226
7971
4192
4188
5354
5459
2407
2128
2149
5729
4253
2111
2061
5826
2130
4307
5789
4252
2146
7474
4283
4320
5815
4277
2173
5836
2185
7728
2425
4289
4882
2091
4243
2086
5842
2146
2151
5836
3275
2089
4294
5806
4238
2075
2129
3661
8989
2086
4325
7890
2143
4294
5377
5841
2133
2135
5487
2385
2130
5386
5846
4257
2093
5531
3657
4294
3449
4558
2098
4208
7853
4139
4195
7833
4193
4205
5408
3745
2126
3650
4255
2098
2092
7971
4234
4263
7895
4255
2152
4308
5802
2108
2142
5920
4442
5848
5377
2147
5829
4189
4252
2160
5709
4291
2151
4253
3733
4282
2133
7051
2189
5820
2086
4199
2146
5827
4238
2170
5495
4584
2183
9244
4242
2112
2048
3690
4219
2110
2057
4197
7886
2144
4233
2143
5853
3858
4208
2093
4262
5804
4159
4159
4169
4146
7829
4160
4137
4229
4138
6984
4253
2092
5735
2069
2091
4269
7970
4265
4274
3325
4626
4276
5512
2385
4200
4199
5901
4251
2067
5852
4219
2107
4221
3795
4235
4281
5798
2127
4163
3317
2128
5745
2068
2079
2078
3573
2040
2058
4216
3369
4447
4284
2099
4255
5764
4224
2141
4211
3717
4208
4208
2058
5453
3547
2124
4287
3701
4251
2088
7864
2137
5395
2130
7897
2060
4168
8852
4567
4198
7521
4479
5404
4240
5540
2381
4256
4263
6969
4262
4316
4265
5835
2101
4266
5823
2143
4249
3320
4554
2101
4254
7039
4294
2091
3677
4158
2165
5466
5824
2111
2052
4215
3399
4490
5351
2125
2072
5812
4292
4196
5435
5777
2092
2146
6732
4553
2081
2152
7927
2144
4246
2170
5870
2127
8249
4303
4226
2052
5802
2056
5445
6078
4304
5854
4226
5342
4183
4184
7816
4195
4203
4187
5793
4244
2103
2135
9206
2089
4249
3313
4560
4266
4252
3683
4204
2087
5934
2130
2103
4211
4163
7081
2205
4215
3693
4227
2079
2093
7665
2393
4247
2113
2041
5720
4169
4210
4277
5780
2140
2136
2081
5778
5410
4252
3321
4597
4250
2086
9029
2080
4217
2079
5788
2143
2119
4237
6997
4366
5909
2163
2058
5732
2144
4254
2137
3700
4223
2055
2042
2090
4146
7731
4189
4197
7840
4192
4152
4192
5833
4253
2168
6970
2119
4266
6005
3471
4616
5402
7981
2135
4235
2144
3654
2056
5443
2185
7994
4306
2097
9057
4280
4236
2133
5784
2145
4245
3671
4294
4247
2144
6006
3655
2063
4219
5387
5838
2083
2132
2107
5755
2047
5392
2153
7985
2105
4214
2069
5575
5634
4243
2090
4225
3656
4332
4255
5782
2130
2099
2045
8085
2164
5342
7544
4486
4197
4195
9027
4183
2135
4251
3575
3283
4164
5399
3322
2371
2087
4241
3284
4529
5404
4282
5785
2079
2099
3723
2096
4166
5395
5892
4249
4197
5417
2069
5860
2116
4213
2114
2057
5805
5412
4241
4206
5832
2139
2140
9500
5840
4246
2164
5874
2172
2128
5838
2175
4295
3718
4326
6787
2133
4237
4241
5845
3336
4242
7099
4384
5866
2070
2063
2118
7069
4223
4224
7895
4251
9070
4188
4188
4238
3613
4327
4242
6992
4379
7994
5484
4238
5891
2181
2129
7957
2212
5417
5802
2150
2088
8009
2112
5440
5800
2178
2133
8150
6763
2454
2119
5867
2124
4291
3759
2174
5924
2122
2045
4171
4217
3647
4208
5408
4241
2106
5802
2051
2054
5956
3354
2075
5795
2110
4259
4213
2134
7015
4336
4250
5427
2353
2047
2129
5549
5588
4185
4192
4240
9041
4178
4151
4154
3587
4207
4293
3220
5420
4613
4260
4259
9143
2203
4222
3366
4555
2131
2088
5779
5371
4310
4284
5836
2150
2109
4279
5842
4425
6055
5934
5978
4344
5822
2135
2145
4247
3787
5452
5896
2124
2046
2112
4219
3641
5414
4181
2076
2053
5791
2121
4292
5428
7965
2165
2130
3648
2106
4243
5482
5754
2101
4214
2110
4262
5831
5377
4176
7924
4235
7957
4221
4226
7509
4557
2152
5379
4265
5788
4295
4299
3611
4271
4219
2103
5833
2055
2057
4217
6916
4246
2132
2128
5812
2134
2085
9199
4198
2146
4261
3676
4251
4267
6993
4224
2063
2053
2053
4561
5505
2165
5731
2083
4273
3773
4292
2135
9084
2131
2056
4262
5738
3362
2190
5817
2086
2085
5827
2086
4240
5435
8056
2142
5593
2479
4336
3696
2115
2081
7882
4193
4192
9118
4248
7552
2429
4330
7080
2168
4328
7960
4278
5546
5816
2110
2091
8069
4247
4666
4561
4217
4249
5850
2168
2090
7046
4331
7921
2186
4356
2526
4272
5815
4318
3692
2146
4378
6924
2147
4234
2111
5811
2143
2147
9179
4333
2092
3717
4248
2086
6691
2641
5888
2118
4271
3728
4350
2147
5880
2113
2083
3660
2080
2086
5827
2199
4224
3615
4318
4195
7837
4227
4180
7887
4232
4165
8826
4617
4244
8054
2117
4327
7923
4196
2145
5899
2223
6772
4528
2097
2055
4240
3690
2152
8925
2474
4329
5811
4283
2180
6998
4303
3471
2463
2182
7953
2232
4320
5893
7748
2430
4291
3706
4252
2163
3655
2144
4284
2157
5878
3429
9171
2105
2121
7992
2117
4334
5846
4334
5888
2247
7297
6028
3899
4316
7909
4440
8029
8119
8273
9296
5602
3615
2142
8070
4274
8013
2158
2202
8065
3340
5828
2156
2211
5872
3409
2434
5536
3766
4305
3479
4613
2210
7137
4305
5901
4380
3789
4304
4954
2141
5832
2137
2206
5909
2195
7061
4313
3744
2140
4349
5824
5479
5570
2435
4301
3801
4300
3718
2198
5835
2198
2157
8046
2159
7082
2122
4319
7971
4243
8797
4543
4283
7867
4239
5440
5814
2153
5842
2140
4310
8073
4296
7976
2129
2118
3635
6862
4648
2178
5825
2205
5849
3421
4293
5886
4335
5985
4298
7365
3480
4346
4287
5804
2234
3652
2136
4245
4233
5791
4253
2157
5767
4240
2085
4244
3727
4251
2092
5838
4238
2095
4294
5774
4248
2163
6674
4545
2087
2092
7954
2139
4240
2054
5746
2058
2106
4158
7836
4138
4193
4249
7838
4191
5434
3682
2183
4259
5829
4264
5612
5971
4297
8037
2151
4292
6971
2166
4248
2137
5836
4330
3761
4285
2099
5817
4243
2122
2117
4894
4284
2155
5783
2086
4194
2151
9073
2124
4328
5785
4242
4243
6656
2428
2179
5824
4240
2170
5832
2130
4260
3665
4252
2146
5886
4282
5413
5537
2375
2129
4183
5839
4215
2090
2093
5841
2150
4252
7805
4148
4194
4189
7841
4251
5393
4260
3664
2135
2147
5787
2084
2106
5407
5794
4259
4248
3715
4282
6981
4286
2159
5482
2436
2143
5404
2128
5795
2111
4270
6902
5784
2130
5095
4327
4323
8015
5408
4286
3661
4287
2128
5865
3379
5823
2197
4254
3735
4250
2155
5916
2174
2129
5911
2170
4280
3732
4269
4254
5794
2087
2137
4251
3626
4197
5390
5537
4556
2092
2082
9008
4193
4197
4199
7840
4203
4139
8014
2090
4246
2085
7042
2108
7664
4593
4295
4294
5853
5381
2145
5485
2388
4291
5429
7603
2433
4269
2091
5789
2081
3186
2094
5838
2091
4246
2141
5771
2140
2090
7997
4210
4262
5869
2195
2135
6914
4255
2145
2083
3661
4197
3297
5896
4286
2121
5829
2129
2076
5425
5808
2126
2132
3667
4249
2086
5837
5383
4303
2152
5778
2086
4194
5358
7839
4198
4194
7871
4304
7940
4242
2145
4248
3629
4247
4308
5862
2090
4247
3674
5451
2180
5819
2089
4297
4251
6985
2102
4227
2173
5851
2085
2129
5456
5653
4287
2186
5831
4252
2145
9096
2133
2122
2144
7990
2184
4244
6964
4246
2142
5830
4273
2169
5474
3758
4256
4275
5767
4233
4266
5899
2129
4288
5775
4291
2169
5845
2114
4253
7012
4252
5507
7881
4219
4191
7836
4148
4201
5842
2091
4297
4260
7000
2126
4272
7955
2080
2116
9086
2145
2092
5826
2089
4295
7980
5783
4245
2139
5785
2081
2177
7675
2475
2086
4209
5783
2146
4205
6640
4578
2091
2146
7924
2165
4290
5867
4289
3480
4598
4265
5422
5885
2129
3488
4589
2108
5512
5635
2136
4253
3626
4285
2119
3409
2368
2226
5874
2146
4241
3620
4246
4189
4172
7867
4197
4198
7791
4232
4238
3715
2143
4285
5432
3618
4259
4260
7959
2077
2094
4197
6974
2143
4249
2084
10727
5420
2142
7991
2147
4252
5829
2103
4252
2077
5793
2147
2146
5829
5375
4267
2157
5784
2091
2143
7531
2425
4267
3702
4289
2188
5918
4292
3437
4553
2084
2080
3611
2167
4245
8809
2595
5804
2144
4245
2087
5790
4250
2145
5823
4294
2098
5903
4200
4200
7840
4200
4197
4203
7841
4199
2154
7979
2135
4184
2121
3597
2090
2112
7970
4255
5387
2102
5774
2144
4297
5781
2084
4229
4279
5808
2152
5874
2182
5489
5836
4239
2079
3368
4558
2210
5755
2173
2129
5824
2164
4251
3720
4246
5398
5838
2127
2131
5845
2179
2082
5804
5827
2165
2085
4293
5782
4288
4289
5791
2126
2123
5817
3380
5446
4556
2152
2154
7492
2175
5459
7866
4227
4223
9028
4228
4193
7889
2143
2112
4264
9137
4271
2081
9118
2097
5399
2101
5834
2082
2133
5783
2142
2113
5903
2133
2135
5844
2145
2132
3390
3548
2091
4207
7975
2140
4252
2144
5811
4282
4244
3367
4542
2140
2090
9150
2132
2131
5966
5984
7876
4323
2151
5771
2141
4253
3661
4244
4227
2165
7983
2091
4250
3714
4296
2129
5811
2086
2140
5781
2129
2104
5385
7822
4198
4198
9055
4221
4200
7892
2146
5467
2095
5756
2063
4289
4226
7969
4249
4251
2133
5789
2049
4215
2092
5786
4229
4296
2067
3635
4210
2051
2154
5777
2143
4294
5483
4555
2152
3364
5805
4241
2144
5995
5644
4634
2185
3744
4259
2137
5778
2094
5865
7619
4583
2131
5845
2091
2195
5425
5880
2129
3792
4285
2132
7012
2129
4230
3627
4295
4251
5819
5395
4200
7537
4491
5399
7579
4537
4212
5731
5481
4271
2157
8025
4257
4262
7955
4277
2087
4283
3692
2146
4270
5728
4253
2093
2090
5812
4246
2083
5397
5782
2090
6051
2183
2133
4999
2198
8053
4285
8015
2225
4292
7931
4253
2144
2145
5872
2089
4255
3655
4218
2100
2058
7712
2410
4239
2146
5410
2356
2111
4205
4208
5748
2166
2085
4248
3673
4244
4286
4840
4249
2088
4195
7826
4196
4174
7801
4238
4233
7945
5432
4332
5757
4260
4256
7009
4260
4248
2093
3604
2143
4247
4887
2090
4308
4200
3747
4340
3795
4273
4191
5779
2143
2141
5532
2381
3324
5579
2471
4196
3403
2417
2146
4292
3682
4295
4296
5837
4224
2055
4215
5361
5786
2088
1786
5782
2142
2202
5870
2167
4257
3729
4294
4272
4507
4591
2164
5786
2086
2091
4247
4925
2131
4262
3672
4238
4288
9058
4234
4218
7852
4213
5814
4276
4277
2136
5750
4271
4351
5413
3626
2182
4260
3680
4247
5052
2240
3679
2080
2165
2139
5785
2093
4250
6964
2189
4292
7901
2107
4379
5823
4270
2087
5788
2091
2091
5783
5428
2154
7594
2359
2132
2142
5777
2126
4286
3713
2079
2090
7943
5491
4270
2064
3622
4161
2070
4211
2058
5759
4291
2106
5863
4244
2139
2091
7070
4318
4298
7847
4184
5380
7872
4201
4199
4197
6979
4287
2070
3741
4207
2086
4264
9211
2070
2050
5744
2111
2077
4260
4290
9064
4210
2108
4256
4272
5783
2146
4298
5511
4529
2113
2113
4203
3628
4283
2154
5815
2141
4366
5827
2083
2089
7734
2390
4251
2183
4795
4242
2109
2058
7661
2384
4253
5381
2109
5753
2111
2109
4218
3346
4592
4190
2109
4216
5754
2061
2099
2057
5447
5834
3850
4236
4227
7556
4469
4182
4163
4161
9108
4652
4290
5790
2081
2047
2049
7971
4260
4254
4228
5750
2045
2058
4205
3404
2384
4255
2143
5781
2142
2130
9207
4252
2091
4248
3680
5359
4548
2140
2145
7924
2143
4248
3705
4243
2054
2111
5448
2360
4233
4216
2126
5805
2134
4262
4218
5801
2104
2103
5373
2055
5739
2109
2053
4209
4297
4588
4275
2119
4221
3583
2103
2128
4256
6990
2079
2145
7991
4193
5373
4194
7972
4233
7835
4136
2087
2147
5841
2144
4246
3622
4264
4255
4286
3612
4233
2109
2100
9079
4257
2160
2143
7891
4252
2167
7877
3273
2133
2069
5827
5498
4243
4284
3707
4295
4255
5785
5401
2084
2117
5509
2411
4217
2125
2080
6896
2134
4260
4218
5499
3501
4240
4253
2091
5832
2135
2080
3703
4248
5402
2145
5834
2144
2093
5431
2366
5384
2087
5484
2601
3726
4252
5402
7817
4202
4198
4199
7844
4200
2077
5806
2110
4214
2056
2044
6929
2088
4236
2045
5754
4164
4282
5405
5600
4586
4271
4247
5798
2147
2088
4251
3732
4293
4200
4497
2142
2162
4246
3702
4218
2100
2110
4240
6961
4294
4295
5759
4170
4162
2089
5547
4576
4221
4226
5433
5883
4242
2111
4242
5784
2084
4203
2141
5831
2124
5604
2442
2141
4316
6973
2099
2135
5782
2142
4223
7531
4492
4200
4165
7841
4149
4193
2154
5806
2112
4218
2057
5467
4598
4303
7643
4568
4265
2075
2158
5838
2132
2135
5880
5406
4278
5780
4251
2091
2092
5786
2083
5421
7011
2154
2176
7965
2155
5385
2087
7938
2134
2132
5924
4348
3703
2087
4252
3381
4593
4331
2149
5833
2045
2048
4268
5784
2078
4245
5398
4859
2095
4254
3436
4595
4236
5411
3618
4293
4246
2141
7917
4193
4202
7853
4152
4170
4158
7919
2086
2145
5831
4199
5448
5529
4555
2080
2094
5806
5380
2163
4294
5777
4300
2115
9113
4208
2109
4220
3583
4252
5396
4284
3758
4268
2146
5882
5455
4291
5815
4288
2094
5781
2104
2159
5872
2157
4248
3719
2210
5986
5448
2149
5779
2090
4244
2138
5835
4203
2089
7690
2418
4248
7100
2184
4269
3669
4249
2076
2145
5789
5434
4230
7873
4198
4173
7487
4504
4189
2077
5773
4239
4225
4213
7967
4264
4305
5821
5376
4258
2070
3321
2414
4270
4254
6667
4541
4271
4242
3614
4251
5402
2101
5820
4261
2068
4255
3615
2054
2111
4220
3592
4171
4357
9140
4246
2139
5836
2092
2145
5512
2440
2110
4221
3396
4517
2049
2066
2085
3698
5478
2103
5838
2144
4203
4215
6935
2091
4291
5590
4553
2092
2135
7000
4197
4198
7841
4224
4215
7886
4213
4242
5878
5419
4359
4267
7966
4254
2074
8771
2401
2151
2135
5879
2182
5568
5689
2161
2104
5811
2105
4213
2064
5372
5776
2127
4214
2112
5773
2273
5406
5827
2122
2088
2097
3633
4277
4262
5819
4235
2141
5474
2443
5469
3493
4574
2142
2169
5831
4204
5436
5749
4218
2055
2112
4255
5857
4212
2141
4234
3573
3348
2102
2099
2055
9068
4200
4203
4177
7852
4118
4248
4168
5404
4519
2107
2116
5399
8021
4221
4227
4318
7947
4233
2142
4288
5752
4213
4191
2093
8032
2117
4216
2105
5477
4548
2089
4263
5493
2354
2045
2037
2110
8773
2434
4218
2105
2059
7996
5380
4254
3462
4509
4246
2087
9085
4293
2086
4208
3333
4548
4224
2141
5858
4256
2148
2091
9131
4241
4242
2090
5792
5436
2130
8743
4498
4199
4189
9002
4196
4248
4180
7892
2092
2151
4175
5733
4229
4225
4226
4251
7913
2079
2144
5780
2140
4253
2150
7062
4335
5781
4245
2140
3382
5661
4195
2139
4222
3589
4227
2146
5373
5775
2077
2080
2089
5779
2087
4252
6611
4550
2140
2086
5765
4240
4191
2089
5810
4273
2142
5784
2086
5377
2064
4221
3638
4222
2071
2092
9082
4300
2092
2068
5778
2185
2158
8797
4464
4176
4187
4158
7786
4202
4180
4165
5751
2038
2129
4208
3726
4185
2062
4230
4280
7918
4315
3821
4248
2093
3350
2466
2093
4202
3675
4161
2053
2108
4257
5793
4245
2086
5841
2101
2057
4219
2125
3644
4210
5377
4215
5511
2406
2056
4223
5394
5836
4242
2113
2055
5807
2063
4221
2141
5761
4240
2092
4248
3732
4242
2107
5844
2143
2090
7628
2386
4198
4270
5875
2058
2045
2112
4250
4539
2089
4169
7499
4466
4146
4133
4191
7830
4175
2093
3293
7936
4347
3598
2078
4230
4248
5798
4269
4223
2111
7998
2063
4209
2142
5826
4206
2115
4219
2052
5799
2087
2073
2082
5788
4247
2144
5836
5383
2090
4247
3730
4255
2079
5603
4474
2144
4251
3680
4253
2142
2141
9072
2135
4295
4226
5772
2087
5405
3672
4245
2056
2110
4221
3578
4256
5391
2144
5800
2047
2043
2056
4241
6924
2090
2114
2129
7503
4463
5390
4194
7852
4297
4193
5792
5404
2132
2075
5738
4257
4311
7965
2080
2069
4260
5891
4269
2042
6571
2361
2079
4158
2108
5755
2141
2138
3619
4241
4206
2107
4219
2410
4232
5376
2067
7850
2091
2047
2046
2088
5468
4547
2144
4228
3648
4256
4277
4276
5839
4241
4242
2067
5881
4224
2087
5483
2410
2111
4260
4251
4217
2449
4281
4255
2059
3581
4223
5405
2091
3709
2052
4274
7856
5200
4195
4193
4170
7801
4174
4206
2135
6989
2103
4266
8028
4274
4261
4249
7944
2090
4260
5366
5803
4228
2146
2090
5779
5398
2212
5456
4449
4217
2129
2090
5741
2140
4233
2060
5848
4212
2110
4193
5783
4246
2110
2135
2050
5839
2122
4253
3731
4287
4235
2092
5786
2078
4247
2124
3665
4230
4160
4237
6982
2092
4251
3732
4251
2245
6011
2088
5788
2144
2143
7588
4491
4200
4121
4157
7803
4162
4165
4188
5845
4246
2064
2137
7874
4242
4215
4248
2054
5717
2065
4213
2081
6951
2085
4245
2138
5839
2091
2140
4252
6913
4242
4286
5836
4245
5367
4218
3342
4582
2073
2147
9096
2151
2128
4254
3588
4217
2058
2162
7955
2147
4209
2106
2056
5699
2045
2069
5374
7985
2058
4211
4301
5851
4247
2140
5809
2057
4153
4304
5789
2085
2071
4213
3700
4154
4154
4167
4143
7837
4185
4161
4190
5740
4238
2112
2056
7572
2354
2070
4263
4254
7936
4220
2058
2057
4231
6964
4250
2070
2109
7990
2072
4208
2093
5809
2111
2053
4215
2053
5753
5397
2124
2108
5801
2100
2038
2109
4287
5742
4240
2114
2057
7582
5735
4253
2083
2115
7952
2110
4216
2222
2426
2132
4213
2104
5750
2057
2109
4229
6674
4600
2098
3276
3599
2141
4256
5386
5832
4260
4262
4226
7839
4205
4186
7800
4194
4152
4258
3683
2047
2056
4256
4172
7974
4260
4242
4252
7945
5382
4248
2137
6709
4529
4242
5382
5470
2408
4215
2111
2135
9087
4251
2144
7687
2398
4206
4227
5373
5846
2131
2079
2084
2431
5705
4314
2111
2101
5803
2126
4216
2076
5802
2135
2060
2109
7956
2106
5422
2171
5853
2149
4248
3299
4518
2061
5368
2087
3659
2070
2164
7963
4200
4156
4263
7835
4185
4167
4171
7783
4288
4227
2053
5804
5373
3505
2056
2053
2247
2069
5776
4199
5397
4242
3591
4157
2127
2052
5546
5647
4292
2153
5837
2143
4254
2143
6989
4248
2145
5530
4521
2052
4233
7070
2277
4214
5751
2108
2095
4285
5839
4234
2111
2054
5810
4185
5387
2151
5834
2080
2135
2145
7999
5378
4299
5539
4555
2092
2087
9108
2091
2144
4289
5776
4254
4130
4165
7808
4165
4179
5387
7841
4252
2091
5488
2382
5336
2072
4284
7980
4222
4248
2086
5376
5772
2048
4188
4254
6882
2086
4253
2064
5744
4208
2109
4229
4203
5882
2236
5758
4268
4280
5391
7928
2090
4289
4288
5836
2128
2056
7652
2436
4294
4291
5756
4220
2128
2091
5831
2109
4257
3273
5833
2054
4218
2059
5530
2391
2079
4137
5481
4538
2046
2044
2048
5803
4212
4146
4208
7504
4451
5369
4239
4188
5766
4216
2113
2053
7642
4607
4242
4224
4230
7868
2092
4249
2117
5810
2056
2112
4282
5807
4215
2052
2144
5875
