1930
1633
1633
1632
1641
1632
1632
1632
1632
1632
1636
1631
1632
1632
1632
1633
1818
1637
1634
1634
1634
1634
1634
1633
1635
1634
1633
1634
1634
1633
1635
1634
1633
1712
1634
1640
1634
1633
1634
1634
1633
1634
1634
1633
1634
1634
1633
1634
1634
1825
1634
1633
1634
1634
1633
1634
1634
1634
1634
1634
1633
1634
1622
1531
1531
1638
1531
1532
1532
1536
1441
1442
1442
1441
1441
1442
1441
1442
1442
1442
1442
1444
1289
1290
1387
1291
1289
1297
1289
1290
1290
1290
1290
1290
1290
1289
1358
1165
1166
1166
1166
1166
1166
1166
1165
1303
1114
1113
1114
1114
1113
1113
1114
1112
1113
1113
1112
1113
1113
1113
1113
1113
1112
1077
979
979
978
979
982
979
1025
979
1038
906
907
907
906
907
907
906
906
907
906
907
907
906
907
907
906
907
907
906
983
789
790
789
790
790
789
853
790
791
790
868
765
770
766
764
766
765
769
765
765
769
765
765
765
765
765
765
765
769
765
766
765
768
765
765
1015
1267
1092
1091
1170
885
895
891
885
886
2363
2101
2096
2104
2106
2302
2111
2112
2113
2108
2415
2100
2105
2105
2102
2101
2106
2111
2112
2117
2109
2106
2319
2109
2107
2102
2103
2106
2113
2108
2211
2263
2262
2268
2497
2251
2339
2254
2264
2257
2260
2259
2255
2259
2259
2256
2447
2258
2256
2265
2262
2263
2255
2259
2264
2256
2259
2256
1318
1051
1051
1052
1052
1051
1093
1052
1053
1052
1053
1052
1055
1053
1051
1052
1052
1053
1052
1052
1042
1040
1053
1052
1018
1148
1018
1004
1028
1021
1031
1025
1013
1054
1053
1055
1053
1054
1053
1053
1054
1056
1058
1062
1055
1058
1053
1058
1055
1054
1057
1119
1054
1052
1050
1051
1051
1052
1052
1052
1051
1051
1051
1051
1051
1052
1053
1052
1052
1052
1054
1050
1051
1052
1052
1052
1130
1056
1060
1055
1029
1022
1017
1047
1052
1039
1014
1014
1026
1049
1028
1016
1016
1015
1015
1015
1028
1015
948
898
901
900
957
901
4317
557
556
556
557
556
569
597
591
556
587
606
556
556
556
556
556
556
556
556
560
556
559
597
596
597
597
597
596
597
597
596
597
597
597
596
597
705
597
597
598
623
556
557
611
557
556
557
557
556
557
557
556
557
556
556
557
556
556
557
557
556
621
597
597
597
597
597
597
597
597
597
597
597
597
596
597
597
597
596
597
597
596
677
598
597
655
557
557
556
557
557
556
557
557
556
557
557
556
557
557
556
557
557
556
557
557
556
557
557
556
557
557
556
557
557
556
557
557
556
636
597
597
652
597
597
596
597
597
597
650
607
557
556
556
558
619
556
557
557
556
557
557
556
557
557
556
557
557
556
557
557
556
557
557
556
557
557
560
557
557
556
557
557
556
557
560
630
597
652
597
597
597
598
596
596
698
590
596
587
557
556
556
557
556
557
563
597
588
556
556
555
556
556
555
557
556
555
556
556
556
556
556
556
558
556
556
556
556
558
592
597
597
596
597
598
600
597
597
597
597
597
597
663
598
618
556
556
579
597
598
597
599
556
556
557
585
596
597
608
555
563
597
594
556
557
556
556
557
555
556
556
556
556
557
556
556
557
556
556
557
556
556
557
556
556
557
556
556
606
556
581
597
597
597
597
597
597
597
620
556
556
556
556
556
556
556
556
556
556
556
556
556
556
556
556
570
597
597
597
597
597
597
596
600
597
597
597
605
597
599
597
597
597
597
660
597
597
597
598
597
597
598
598
597
597
598
597
597
597
598
597
597
598
598
597
598
598
597
597
598
598
597
597
598
597
597
598
597
597
598
598
597
597
598
597
597
597
598
597
661
599
598
597
597
602
557
556
557
557
556
557
557
556
557
557
556
557
574
615
557
557
556
557
557
556
557
557
556
557
557
556
557
557
556
556
557
556
556
557
556
556
557
556
556
557
556
631
571
597
597
597
597
597
597
597
597
596
655
597
656
556
556
556
556
556
614
556
556
556
556
556
556
556
556
619
556
556
556
556
556
556
556
556
556
556
556
556
556
556
556
556
556
637
557
655
598
598
597
683
556
556
556
556
556
556
556
556
561
556
556
556
556
556
556
556
556
556
556
556
556
556
556
615
556
556
556
556
556
556
556
556
556
619
557
556
556
557
558
556
638
557
640
597
597
597
612
556
556
597
597
597
597
654
679
556
556
556
556
556
556
557
556
556
557
556
556
557
556
556
556
556
556
556
646
597
597
597
597
597
663
556
556
557
556
556
615
558
655
597
597
597
597
597
597
596
597
597
597
597
597
597
597
660
557
556
556
557
556
555
609
556
555
556
556
556
556
556
556
556
616
556
556
557
556
556
556
556
556
556
556
556
556
630
644
598
652
597
597
598
598
597
597
598
652
597
598
598
597
597
598
597
665
557
557
556
557
557
556
557
557
556
557
557
556
557
557
556
557
557
556
557
557
556
557
557
556
557
557
558
658
597
597
597
597
597
597
596
597
597
597
596
597
597
596
597
597
597
596
597
597
596
654
556
555
556
613
556
565
597
597
596
597
597
597
661
556
556
556
556
556
556
556
556
609
626
597
597
597
597
597
596
597
597
654
596
597
597
597
596
597
597
596
597
597
596
597
597
597
596
597
597
596
597
597
597
597
597
597
597
596
597
597
597
596
597
597
597
657
597
597
597
649
556
556
556
556
556
556
556
556
557
556
556
556
556
556
556
556
556
556
556
555
556
556
555
615
557
555
585
597
596
596
597
597
597
658
885
1158
609
592
591
598
660
626
570
570
570
570
570
570
571
570
595
616
557
556
557
557
556
557
557
557
557
557
556
557
557
556
557
557
557
557
557
556
557
557
556
557
557
556
557
557
556
557
557
556
557
557
556
718
557
556
556
557
556
556
557
556
556
557
556
556
614
556
556
557
556
556
557
557
556
557
556
555
557
556
618
556
557
556
556
557
556
556
557
556
556
557
556
556
557
556
556
557
556
556
661
616
556
557
556
556
557
556
556
557
616
556
556
556
556
556
557
555
556
556
556
556
556
556
556
557
556
556
557
556
556
557
556
556
557
556
556
557
611
556
595
662
670
556
557
556
556
1378
680
680
707
720
638
597
659
665
557
560
655
663
611
556
556
557
556
556
557
556
556
557
556
612
557
556
556
557
556
556
557
556
556
557
556
556
557
556
556
557
556
556
557
556
657
557
557
556
557
557
557
557
557
556
557
557
556
557
557
556
557
557
556
557
557
556
557
557
556
557
557
556
557
557
557
557
557
557
557
557
557
557
557
556
557
557
556
557
557
557
557
599
556
557
557
556
557
558
633
597
597
597
597
597
678
556
556
556
556
556
612
556
556
556
556
556
556
556
556
556
619
556
556
557
556
556
616
556
557
556
556
618
557
556
556
556
556
556
623
632
597
649
597
612
556
556
556
556
615
556
556
556
556
556
556
556
556
556
557
556
556
556
556
556
557
556
556
557
556
556
557
556
556
557
556
556
557
556
556
557
556
556
557
556
556
641
557
556
557
557
616
557
557
557
557
557
556
557
557
556
616
557
556
557
557
556
557
557
556
557
557
556
557
557
557
556
557
557
557
557
557
556
557
557
557
557
557
556
557
557
556
557
557
1088
557
556
557
556
556
556
556
615
556
556
556
556
556
556
556
556
556
556
627
597
597
597
599
597
597
597
656
597
597
597
597
602
597
596
597
618
597
596
597
598
597
597
597
597
669
597
628
556
556
557
556
556
557
556
556
556
556
556
557
556
556
557
556
556
556
557
556
557
557
556
557
556
556
579
556
556
557
556
556
557
556
556
556
556
556
556
577
556
556
557
556
649
557
595
597
597
597
655
674
556
556
556
556
556
556
556
556
556
556
556
556
557
556
556
556
556
556
557
556
556
557
556
556
557
556
556
556
556
556
557
556
556
613
557
556
556
557
556
632
557
571
597
598
597
597
597
597
612
556
556
569
597
597
597
597
608
556
656
597
606
597
650
599
598
597
618
556
557
556
617
557
556
556
557
556
556
557
556
560
615
556
556
557
556
629
557
557
557
557
557
557
557
557
556
557
557
556
557
557
556
557
557
556
557
557
556
557
557
556
557
557
557
557
557
556
557
558
557
557
557
558
557
557
556
557
557
556
557
557
556
558
620
556
591
597
597
597
598
597
597
597
597
597
597
597
598
657
597
597
597
597
596
597
597
596
671
557
556
556
557
556
556
557
556
556
557
556
556
557
556
556
557
557
556
557
556
556
620
558
653
599
597
597
597
597
597
597
658
597
597
597
597
597
597
597
598
597
596
597
597
596
597
597
597
597
597
597
597
597
597
597
597
597
597
597
597
597
597
597
597
597
597
675
1263
623
556
557
557
556
557
618
556
557
557
556
557
557
556
557
557
556
557
557
556
557
557
557
557
557
556
557
557
556
557
557
557
557
557
556
557
557
556
559
557
556
558
557
556
630
563
650
596
598
624
556
556
557
556
556
615
556
556
557
556
556
557
560
556
556
556
556
556
556
556
557
557
559
557
556
613
556
556
557
573
556
557
556
556
565
565
624
620
559
556
621
559
597
597
597
597
622
557
555
521
521
521
522
521
525
521
522
521
521
521
520
521
521
520
553
556
556
557
556
556
557
556
556
557
556
556
557
557
556
556
556
556
556
556
556
557
556
556
621
559
597
597
597
597
597
597
591
556
556
556
556
556
556
556
556
556
556
556
556
613
556
557
557
556
556
556
559
558
558
556
557
563
557
557
562
558
558
557
558
559
557
558
560
556
558
622
556
644
597
597
597
597
598
603
598
597
596
569
597
595
571
624
556
556
556
612
557
556
556
556
556
556
556
558
556
557
556
556
557
556
556
557
556
556
556
556
556
556
556
556
558
557
627
576
597
596
597
597
596
597
591
556
556
557
556
556
557
556
556
557
556
556
557
556
556
561
557
556
564
560
566
557
556
556
556
558
556
556
556
556
556
556
556
557
556
556
557
556
556
639
568
596
597
600
597
597
602
596
556
556
558
557
557
557
556
556
558
556
556
557
556
556
602
556
559
566
561
560
558
563
561
563
562
559
561
564
561
557
556
617
556
556
555
556
557
556
632
559
651
597
597
597
597
597
606
556
561
563
564
564
577
568
565
567
567
558
558
557
556
556
557
556
557
556
556
556
557
555
558
556
556
556
556
556
556
557
556
556
557
556
556
557
556
629
569
597
597
597
600
599
597
592
556
556
557
556
556
557
556
556
557
558
556
557
556
556
558
556
556
557
556
556
560
556
556
558
556
556
557
556
556
557
556
556
557
556
556
557
556
556
600
557
578
597
597
597
597
597
612
556
557
556
556
557
556
556
557
556
562
558
556
556
557
556
556
557
556
556
556
556
556
557
556
556
557
560
556
556
556
558
556
559
561
556
556
556
556
556
616
573
598
597
597
598
599
597
589
557
556
557
557
557
557
557
557
557
557
557
557
557
557
557
559
557
557
557
557
557
557
557
557
557
557
557
557
556
557
557
556
557
557
556
557
557
556
654
574
597
597
597
592
556
556
557
556
556
556
556
556
557
556
556
559
558
556
557
556
556
557
556
556
557
556
556
557
556
556
557
556
561
557
556
556
557
556
556
561
556
555
560
556
597
646
600
597
597
598
613
556
556
556
556
556
557
558
556
556
556
558
556
556
556
556
556
556
556
556
556
557
556
556
557
556
558
556
556
556
556
556
556
557
556
558
560
557
557
556
556
556
556
639
569
598
598
597
598
605
556
556
556
556
556
558
556
556
557
556
556
557
556
556
558
556
556
557
556
556
557
556
556
557
556
556
557
556
556
557
556
556
557
556
556
557
556
556
556
556
610
570
597
606
556
556
556
556
556
556
556
556
556
556
557
555
557
556
556
557
557
556
556
556
555
557
557
556
556
557
556
557
557
556
556
557
556
556
559
556
556
559
556
556
583
597
597
675
598
597
598
598
598
600
598
598
598
621
557
595
607
556
556
556
557
557
556
556
556
556
556
556
558
557
556
556
556
558
556
556
556
556
556
557
556
557
557
556
557
556
556
556
556
556
612
560
597
597
597
597
596
598
556
558
556
557
557
556
556
556
556
556
556
556
556
556
558
556
556
556
556
556
556
556
556
556
557
556
556
557
556
556
557
556
556
557
556
556
557
556
556
618
557
599
598
597
596
597
597
610
556
557
556
556
557
556
556
557
556
556
557
556
556
557
556
556
557
556
556
556
556
556
556
556
556
556
556
556
556
556
556
556
556
556
556
556
556
557
556
609
581
597
597
597
597
597
605
556
556
556
557
556
556
556
556
556
557
556
556
556
556
556
556
556
555
556
556
556
557
557
555
556
556
555
556
556
556
556
557
558
556
557
556
556
557
556
621
564
597
598
626
557
561
557
557
557
557
557
556
557
557
556
557
557
556
557
557
556
557
557
556
557
557
556
557
557
556
557
557
556
557
584
598
597
600
598
620
557
558
557
557
597
596
649
598
599
598
597
657
598
597
669
657
597
597
597
597
597
598
597
597
597
656
624
556
556
556
556
556
556
556
556
557
556
556
557
556
556
557
556
556
557
556
556
557
556
556
557
556
686
598
597
597
596
597
608
556
556
556
556
556
557
556
556
557
556
556
557
556
556
557
556
556
557
556
556
557
556
556
556
556
556
556
556
556
556
556
556
556
556
556
615
556
556
611
556
614
571
597
597
598
598
597
597
598
601
556
556
556
556
556
614
556
556
556
556
556
556
556
556
557
556
556
557
556
556
557
556
556
557
556
556
557
556
556
557
556
556
557
556
556
557
556
610
624
597
597
597
597
597
597
597
597
589
615
557
556
556
556
556
556
556
556
556
556
556
556
556
556
556
556
556
556
557
556
556
557
556
556
557
556
556
557
556
556
557
611
556
557
556
600
557
557
591
598
598
657
597
690
556
556
556
556
556
556
556
556
556
614
556
556
556
556
556
557
556
556
558
556
556
557
556
557
556
556
556
556
556
556
557
563
556
560
556
556
557
558
607
557
593
600
600
600
599
597
599
597
601
597
599
597
609
597
604
596
558
557
556
556
558
556
560
556
556
559
567
556
556
563
566
597
597
598
598
597
597
597
596
597
600
597
597
668
598
605
598
790
903
839
720
722
720
725
720
720
633
598
596
601
597
605
597
597
604
597
601
597
597
597
609
601
599
612
597
601
596
597
597
605
600
600
599
597
600
665
598
602
597
602
598
597
598
598
597
597
598
598
597
599
598
597
597
598
613
659
597
597
597
597
597
597
597
597
597
597
597
597
597
597
597
597
653
597
598
597
597
598
597
667
597
601
599
598
598
597
597
597
597
597
597
597
597
597
597
597
597
597
597
597
597
601
599
599
608
596
597
597
597
597
597
597
597
597
597
597
597
597
597
600
598
598
603
599
701
598
597
597
597
597
597
596
597
597
599
597
601
597
597
597
601
597
597
597
597
597
597
597
596
597
597
597
597
597
597
597
597
597
597
597
597
597
597
597
597
597
597
597
695
599
597
605
597
597
597
597
597
597
597
598
597
597
600
597
597
597
597
597
596
597
597
596
597
597
600
597
597
597
603
597
597
597
596
598
597
597
610
604
597
597
597
602
597
734
598
598
598
597
598
598
597
598
598
601
597
598
598
597
597
598
598
597
598
598
597
597
598
598
597
602
598
656
597
598
654
597
598
599
597
597
598
598
597
598
598
598
597
649
598
597
597
598
598
598
602
602
604
599
609
601
600
605
621
623
597
597
597
597
596
602
597
596
597
600
597
596
597
599
596
597
597
597
597
597
597
597
597
597
597
597
605
646
597
597
598
598
597
598
598
598
597
598
598
597
597
598
598
597
597
598
598
597
600
598
597
598
598
597
597
598
598
597
598
598
598
597
598
598
597
598
598
598
597
598
598
597
709
598
598
597
597
598
598
597
598
598
597
597
598
598
597
598
598
597
597
601
598
599
598
598
597
597
598
597
597
598
598
599
597
598
598
597
597
598
597
597
598
598
597
598
734
597
597
597
597
597
597
597
597
597
596
597
597
596
597
597
596
597
597
597
596
597
597
596
597
597
597
600
601
597
602
596
602
597
596
601
597
600
596
601
597
597
597
597
597
765
597
597
602
596
597
597
597
597
600
603
597
597
597
597
600
597
597
597
601
597
597
603
597
597
597
597
601
597
600
597
597
597
597
597
597
598
597
597
597
597
597
597
597
664
597
597
597
597
597
597
597
597
597
597
597
597
597
597
597
597
596
601
597
596
601
597
599
597
597
597
597
597
597
597
597
597
597
604
596
597
597
602
597
597
597
596
597
597
673
597
598
598
608
612
612
638
597
597
597
597
596
597
607
611
616
614
612
627
597
610
612
633
597
597
597
597
597
597
597
597
597
597
597
597
597
596
600
597
597
597
597
597
699
598
598
609
611
612
612
612
611
612
612
611
702
765
820
720
762
662
723
627
710
597
597
597
597
597
601
597
597
597
597
597
597
597
597
597
597
597
597
597
597
596
701
598
598
690
662
757
720
720
720
720
720
719
720
720
804
637
597
597
597
597
596
597
597
597
596
601
612
611
612
612
631
596
597
597
597
597
597
597
597
597
597
597
642
597
597
597
597
597
597
597
597
597
597
597
597
597
597
597
599
597
597
597
597
597
597
597
597
597
597
597
597
597
597
597
597
597
597
597
597
597
597
597
597
597
596
597
671
597
597
598
598
597
597
598
598
597
597
598
598
597
598
598
597
597
598
598
597
598
598
597
598
598
597
597
598
598
597
598
598
598
597
598
598
597
598
598
598
597
598
598
597
699
598
598
597
602
598
597
597
598
598
597
601
597
601
597
597
597
597
600
602
597
597
601
598
597
597
597
597
596
597
597
597
597
597
597
597
597
601
597
597
597
597
596
597
699
598
599
597
598
598
597
598
598
597
598
598
597
599
598
598
597
597
598
598
597
598
598
597
598
598
598
597
598
604
597
597
598
598
597
598
598
597
597
598
598
597
598
598
597
780
598
601
597
597
598
598
597
598
598
598
597
597
598
597
601
598
598
597
597
599
603
597
603
598
599
599
598
598
597
601
598
597
597
598
598
597
598
598
598
597
598
598
597
770
598
598
601
598
598
598
597
597
598
604
597
598
598
597
598
598
597
597
598
597
597
598
598
598
598
598
598
597
598
598
597
597
598
598
598
599
598
598
597
598
598
597
597
682
601
599
598
598
597
600
598
598
598
598
598
597
597
598
598
597
598
598
598
597
598
598
597
598
598
598
597
597
604
597
597
598
597
597
597
598
597
597
597
597
597
597
597
597
668
598
599
602
597
597
597
596
597
597
597
597
597
597
597
597
597
601
596
597
597
596
597
597
596
597
597
597
597
597
597
597
597
597
597
597
597
597
597
597
597
597
597
597
851
598
598
597
597
598
597
597
598
598
597
598
598
598
597
598
598
597
599
610
600
599
601
598
597
600
601
599
597
597
597
597
597
597
597
597
597
597
600
602
604
600
597
597
703
597
597
597
597
597
599
598
597
597
597
657
597
596
597
607
601
598
597
597
651
597
597
597
597
601
597
597
597
597
596
597
597
597
597
597
597
597
597
597
597
597
597
597
597
702
597
597
597
597
598
597
597
597
597
597
596
601
597
601
626
625
626
631
607
600
597
596
597
597
597
596
597
597
596
597
597
596
597
597
597
597
597
597
597
597
597
597
597
707
598
597
597
605
598
598
598
602
598
597
597
598
598
597
598
598
597
658
598
598
597
598
598
598
597
598
597
597
598
598
598
597
598
598
597
597
598
597
597
598
598
597
597
667
655
597
597
598
598
597
598
598
597
597
598
598
597
598
598
597
597
598
598
602
598
598
600
597
598
598
597
598
598
598
597
598
598
597
598
598
597
597
598
598
597
597
598
598
716
600
603
600
597
598
598
597
598
598
598
597
598
598
598
597
598
598
602
597
598
598
597
598
598
597
598
598
601
597
598
598
598
599
598
598
597
598
598
597
598
598
597
597
683
598
598
597
598
598
597
598
598
598
597
598
598
597
597
598
598
597
598
598
597
598
598
598
597
598
598
601
597
598
598
597
598
598
597
597
598
597
597
598
598
597
597
598
602
662
597
598
598
597
598
598
598
597
598
598
597
598
598
597
597
598
598
597
598
598
600
597
598
598
599
598
598
597
597
598
598
597
598
602
597
597
598
598
597
597
599
598
597
699
598
598
597
598
601
597
598
598
597
597
598
598
597
597
598
597
597
598
598
597
597
601
598
602
597
598
598
597
598
598
597
598
598
597
597
598
601
597
598
598
597
597
598
731
598
602
597
598
598
597
655
598
597
597
598
598
597
598
654
597
598
598
598
597
598
657
597
599
654
598
598
600
603
598
597
598
599
598
597
598
598
597
597
598
599
597
598
664
602
597
598
598
597
598
598
598
597
598
598
598
597
598
598
597
601
598
598
597
598
598
597
598
598
597
597
598
598
597
598
598
597
597
598
598
599
598
598
597
597
598
598
597
688
601
598
597
600
598
597
598
598
598
597
597
598
597
597
598
598
597
598
598
598
597
598
598
597
597
598
598
597
598
598
597
597
600
598
603
598
598
597
597
598
602
601
598
656
597
597
598
598
597
598
598
598
597
597
598
597
597
598
598
597
598
598
597
597
598
598
597
598
598
597
597
598
598
597
598
598
597
597
598
598
597
597
598
598
626
598
598
597
688
598
598
597
598
598
598
597
597
598
597
597
598
598
597
597
598
597
597
598
599
597
598
598
598
597
598
602
597
598
598
598
597
598
598
597
597
598
598
597
598
598
597
597
645
598
597
598
598
597
597
621
557
556
556
556
556
556
556
556
557
556
556
557
556
556
557
556
556
556
557
599
597
597
597
597
597
597
597
597
597
597
597
597
597
597
597
597
597
597
641
598
597
597
598
597
597
598
598
597
597
598
598
597
599
598
597
597
598
598
597
598
598
598
597
598
598
597
598
598
597
597
598
598
597
598
598
598
597
601
598
597
598
598
597
682
598
598
597
597
598
598
597
597
602
598
596
557
557
556
557
557
557
557
557
556
557
557
556
557
557
556
557
557
556
557
557
556
557
557
557
557
557
561
597
597
597
597
597
597
597
647
598
597
599
598
598
598
597
598
598
597
597
598
597
597
608
595
556
556
556
556
556
556
556
556
556
556
556
556
556
556
556
556
556
557
556
556
556
556
557
556
556
557
556
556
556
565
687
600
598
597
597
611
612
612
612
600
556
569
569
569
593
556
556
556
556
557
556
556
557
556
556
557
556
556
557
556
556
557
556
556
557
556
556
556
556
556
556
556
556
556
556
556
638
560
597
597
597
597
597
597
597
597
597
601
601
556
557
556
556
557
597
597
597
597
597
597
597
597
597
597
597
597
597
597
597
597
597
597
597
597
597
597
596
597
597
597
597
673
598
597
597
598
598
597
598
598
597
597
598
598
597
598
598
597
597
598
598
597
598
598
597
597
598
597
597
598
598
602
597
598
598
597
598
598
597
597
598
598
597
598
598
598
695
598
598
598
597
601
598
597
598
598
597
597
598
598
597
597
598
598
597
598
598
597
598
598
598
597
598
598
597
597
598
598
597
598
598
597
597
598
597
598
598
598
597
597
651
598
597
597
598
598
615
612
633
597
612
612
612
612
611
632
597
596
603
598
597
596
597
597
597
600
597
597
597
597
603
597
597
597
597
596
597
597
597
597
597
597
596
597
712
598
597
598
598
597
597
598
598
597
597
598
597
597
598
598
598
598
598
598
597
598
598
597
598
598
598
597
598
598
597
597
598
598
597
598
598
597
598
598
598
597
598
598
597
685
598
598
597
682
627
696
597
596
597
597
596
597
597
597
596
597
597
597
597
597
597
597
597
618
556
556
556
556
556
556
556
556
557
580
597
597
597
597
597
597
597
597
597
597
683
598
598
598
597
588
556
556
556
556
556
556
556
556
556
556
556
556
556
556
556
556
556
556
557
556
556
556
556
556
557
556
556
557
556
556
557
556
556
557
556
556
557
556
556
557
556
640
580
598
597
598
601
597
598
598
598
597
598
598
597
597
598
597
598
598
598
598
597
598
598
597
598
598
597
597
598
598
597
597
598
608
556
557
557
556
557
557
556
557
557
556
650
557
556
557
557
556
557
557
556
557
557
556
557
557
556
557
557
556
557
559
596
597
597
597
597
609
556
556
557
557
556
556
556
556
556
557
555
556
557
556
556
557
556
556
557
556
556
557
730
589
597
597
597
597
597
597
597
597
597
597
597
597
599
597
597
597
597
597
598
597
596
597
597
596
597
597
597
597
597
597
596
597
597
597
596
597
597
597
597
597
597
597
695
598
598
599
598
598
597
597
598
598
597
597
598
598
597
598
598
597
598
598
598
597
598
598
597
598
598
597
597
598
598
597
598
598
598
597
597
598
604
597
598
598
597
598
709
597
597
598
592
556
556
556
556
556
556
556
556
557
574
598
597
597
597
597
597
597
597
627
556
556
556
556
556
556
556
556
557
556
580
597
597
597
597
597
597
597
597
597
597
597
688
598
597
596
557
557
557
557
557
557
557
556
557
557
557
557
557
557
557
557
557
557
557
557
557
557
557
556
557
557
556
557
557
556
557
615
556
557
557
556
557
557
618
598
598
597
597
719
653
602
598
557
557
556
557
557
556
557
557
556
557
557
556
557
557
556
557
557
557
557
557
556
557
557
557
557
563
556
559
564
565
570
568
567
564
563
565
556
557
556
556
557
556
556
691
563
597
597
597
597
597
608
556
556
556
557
556
556
556
556
557
556
556
556
556
556
557
556
556
556
556
556
556
556
556
556
556
556
556
557
556
556
557
556
556
560
556
557
557
556
556
557
664
557
573
556
612
557
556
556
557
556
556
557
556
556
557
556
556
557
561
556
556
556
556
556
556
556
556
556
556
556
556
632
597
597
651
597
597
597
613
556
557
556
556
557
556
556
663
556
556
557
556
556
557
556
556
557
556
556
557
556
556
557
556
556
557
557
556
556
557
556
556
556
556
557
556
556
557
556
556
556
556
556
556
556
556
556
556
556
556
556
556
556
556
558
683
609
556
556
557
556
556
557
614
556
557
556
556
557
556
555
557
556
556
557
557
556
559
563
557
556
557
557
559
558
556
559
557
559
558
561
557
557
557
556
559
558
558
557
558
556
559
556
667
556
557
556
556
557
556
556
557
556
556
557
556
556
557
556
556
557
556
556
557
556
560
562
562
561
557
560
556
557
556
558
557
556
556
557
556
613
556
556
557
556
556
556
556
611
672
557
556
556
557
556
556
557
611
556
557
556
556
557
556
556
557
556
611
557
556
556
556
557
556
557
556
556
556
556
556
556
557
556
556
556
556
557
556
556
556
557
556
556
556
556
556
616
1103
556
556
556
556
556
556
557
556
556
557
556
556
560
556
556
557
556
556
560
579
597
597
599
598
597
597
596
597
588
570
597
597
628
556
556
556
556
556
556
556
558
557
556
558
556
613
557
557
556
557
557
556
557
557
672
772
680
680
680
680
676
592
556
556
556
557
556
556
556
557
555
557
556
556
557
557
556
556
557
556
556
557
556
556
556
556
556
557
556
556
557
661
560
559
557
557
557
557
557
557
557
557
557
557
557
557
557
557
557
557
557
557
556
556
557
557
556
563
557
557
557
557
557
557
557
557
557
557
556
557
557
556
557
557
556
557
557
556
618
605
570
569
597
597
597
597
647
604
556
557
556
556
557
556
556
557
556
556
557
556
556
557
556
615
557
556
556
557
556
556
557
556
556
556
556
556
556
556
556
612
556
562
558
562
556
651
557
556
557
613
556
557
557
556
557
557
556
556
557
557
557
557
557
557
558
557
556
557
557
556
557
557
556
557
557
556
557
557
556
557
557
556
557
557
557
557
557
557
557
557
556
557
557
686
557
557
556
557
557
556
557
557
556
557
557
556
557
557
556
557
617
556
557
566
567
556
556
556
556
556
556
556
557
611
556
557
556
556
557
556
556
557
556
650
597
597
600
650
597
758
557
556
557
557
557
557
557
556
557
557
557
557
557
557
557
557
556
557
557
556
557
557
562
624
637
619
622
638
611
632
558
557
589
597
597
597
597
596
598
556
556
594
597
596
597
738
598
597
597
595
557
557
557
557
557
557
557
556
557
557
557
557
557
613
557
557
556
557
557
556
557
557
556
557
557
556
557
557
557
557
557
556
557
557
556
557
557
556
557
557
617
557
557
666
557
557
556
556
557
557
557
557
557
556
557
557
556
557
557
556
598
598
597
598
598
597
597
713
597
597
597
597
597
597
597
597
597
597
597
597
597
597
597
597
596
597
597
596
715
598
622
557
557
557
568
521
521
521
522
521
521
522
521
521
522
521
521
521
533
556
556
556
556
612
556
556
556
556
577
521
520
521
520
521
521
520
521
521
520
521
520
520
521
520
521
558
556
613
557
611
560
558
571
520
521
520
521
521
520
521
520
520
521
520
521
521
520
521
520
521
521
520
521
521
520
521
520
542
557
556
556
557
556
562
521
520
521
536
556
556
556
556
556
587
520
521
521
638
556
556
556
556
556
556
556
573
520
521
521
520
521
521
520
522
521
521
521
520
521
520
520
521
520
521
521
520
521
521
521
521
520
521
521
520
521
520
520
521
520
521
521
520
521
521
521
521
520
593
529
556
556
556
556
556
557
570
521
521
520
521
521
520
521
520
521
521
520
521
521
521
521
520
521
521
520
521
521
520
521
520
521
521
520
542
556
556
556
556
556
556
553
520
521
520
521
521
520
594
536
556
556
557
556
556
615
556
556
557
556
583
521
520
521
521
520
521
520
520
521
520
521
521
520
576
521
520
521
520
521
521
520
521
521
520
521
520
520
521
520
521
521
520
521
520
521
521
520
586
529
556
556
556
556
557
578
520
521
521
520
521
582
520
521
520
521
521
520
521
520
520
521
520
521
521
520
521
521
520
521
520
521
521
520
521
521
521
521
520
521
521
520
521
521
520
521
520
577
521
592
550
556
556
556
557
556
566
521
520
521
521
520
521
583
520
521
520
521
521
520
521
520
521
521
520
521
521
520
521
521
576
521
520
520
521
520
521
521
520
580
521
520
521
520
521
521
520
527
556
620
557
557
556
557
557
574
521
555
556
557
556
614
556
570
520
521
521
520
521
520
520
521
520
521
521
541
557
556
556
557
556
556
557
556
556
557
556
556
557
556
556
568
597
596
597
597
597
656
598
600
556
556
556
556
556
557
556
556
557
572
597
589
556
559
556
556
556
614
556
556
556
556
556
556
556
556
557
556
556
557
556
556
556
556
556
556
556
556
556
556
556
556
557
556
658
559
651
597
597
597
597
597
597
597
597
597
597
597
597
652
597
652
556
557
556
556
557
556
556
557
556
556
557
556
556
557
556
556
557
556
556
557
556
556
557
556
556
557
556
556
603
558
659
597
597
597
597
659
557
556
556
557
556
556
557
556
556
556
556
556
556
556
556
556
571
521
521
520
521
520
521
581
520
520
521
520
521
521
525
556
556
556
556
556
556
567
521
520
619
521
552
557
556
556
557
556
556
557
556
556
557
556
556
557
556
556
557
556
556
557
556
558
557
584
596
597
652
597
597
597
597
597
597
597
597
597
656
597
597
624
556
556
556
595
597
681
598
598
607
556
557
557
556
557
557
556
557
557
556
557
557
556
557
557
556
557
557
556
557
557
556
557
560
556
557
558
596
597
597
597
596
557
556
556
557
556
556
556
556
556
557
556
618
558
557
556
557
557
556
557
584
597
597
597
597
617
556
557
556
556
557
556
556
556
614
556
557
556
556
557
556
556
557
610
556
557
556
556
557
556
556
556
556
556
556
556
556
556
556
634
557
557
557
557
557
557
557
557
556
557
557
556
557
557
556
557
557
575
522
521
521
522
521
521
522
521
522
521
521
522
521
521
522
521
522
521
521
522
521
556
557
556
556
557
556
556
557
556
627
557
557
556
557
556
557
557
557
557
557
557
557
557
557
557
557
557
556
557
557
557
522
521
521
522
521
521
522
521
522
521
521
521
521
521
522
521
522
522
521
522
521
521
522
553
556
556
556
603
556
556
556
556
556
556
557
556
556
557
556
556
556
556
557
557
555
556
556
556
556
556
555
556
557
556
556
557
556
556
557
556
556
557
556
556
557
556
556
557
556
556
557
560
567
565
556
620
584
597
597
597
597
597
597
599
592
556
556
556
556
556
557
556
557
556
556
557
556
556
557
556
556
556
556
556
557
556
556
557
556
556
557
557
555
556
556
556
557
556
556
556
556
556
638
556
556
556
556
556
556
556
556
556
557
556
556
557
556
556
557
556
556
557
556
556
557
556
556
557
556
556
557
556
556
557
556
556
557
556
556
557
556
556
557
556
556
557
556
556
556
556
654
557
557
556
557
557
556
557
557
556
557
557
557
557
557
556
557
557
556
557
557
556
557
557
556
557
557
556
557
557
556
557
557
556
557
557
556
557
557
556
557
557
557
557
557
556
557
557
619
557
559
556
559
559
556
558
557
558
556
557
556
557
557
557
557
557
557
557
557
557
557
557
557
557
557
557
557
557
557
557
557
556
557
557
556
557
557
556
557
560
556
559
557
556
557
656
557
557
557
557
556
557
557
556
557
557
556
557
557
556
557
557
556
557
557
556
557
557
556
557
557
556
557
557
557
557
557
556
557
557
557
557
557
556
557
557
571
633
632
646
647
601
643
557
556
557
557
556
557
557
557
557
557
556
557
557
556
557
557
556
557
557
556
557
557
556
557
557
556
557
557
556
557
557
557
557
557
556
557
557
556
557
557
556
557
557
557
557
557
557
619
557
556
557
557
556
557
557
556
557
557
556
557
557
556
557
557
556
557
557
556
557
557
557
556
557
556
556
557
557
556
615
557
556
557
557
556
557
557
556
557
557
557
557
557
557
557
557
624
613
557
557
557
557
556
557
557
556
557
557
556
557
557
556
557
557
556
557
557
556
557
557
556
557
557
557
557
557
557
557
557
557
557
557
556
557
557
556
560
557
557
557
557
557
557
557
557
556
560
556
557
557
557
556
557
557
557
557
557
557
557
557
556
557
558
556
557
557
556
557
557
559
557
557
556
557
557
556
557
557
556
557
557
556
557
557
556
557
559
556
557
560
556
659
557
557
557
557
556
557
557
556
557
559
556
557
557
556
557
557
556
557
557
556
557
557
556
557
557
556
556
557
557
556
557
557
556
559
557
556
557
557
556
557
557
557
557
557
557
557
557
623
557
558
557
557
557
556
557
557
556
557
557
556
557
557
556
557
557
556
557
557
556
557
557
556
557
557
556
557
557
556
557
557
556
557
557
556
557
559
556
557
557
557
557
557
556
587
597
671
597
598
598
597
609
557
557
557
557
558
597
597
597
597
597
622
556
558
556
556
556
556
556
581
612
556
556
556
556
556
556
556
556
556
559
556
557
556
556
557
556
556
556
556
556
624
557
556
557
557
557
557
557
610
557
557
556
557
557
556
557
557
556
557
557
556
557
557
557
556
557
557
556
561
557
556
557
557
556
557
557
556
557
557
615
557
557
557
557
557
556
557
557
605
557
557
556
557
557
557
557
557
556
557
614
556
557
557
556
557
557
556
557
557
556
557
557
556
557
557
556
557
557
557
557
557
557
556
557
557
557
557
557
556
557
557
556
557
556
556
661
612
556
557
557
556
557
557
557
557
557
614
557
557
557
557
557
556
557
557
556
557
557
556
557
557
556
557
557
556
557
557
556
557
557
556
557
557
557
556
557
557
556
557
557
556
557
557
613
612
557
557
557
557
556
557
557
556
613
557
557
557
557
611
557
557
557
557
557
557
557
557
556
557
557
556
557
557
556
557
557
556
557
557
556
557
557
556
557
557
557
556
557
557
556
629
557
557
557
557
557
557
557
556
557
557
557
557
557
556
557
557
556
557
557
556
557
557
556
557
557
556
557
557
556
557
557
556
557
557
557
557
557
557
557
557
612
557
557
556
557
557
556
607
613
556
557
557
557
557
557
557
557
557
557
556
557
619
557
557
557
556
557
557
556
557
557
556
557
557
556
557
557
556
557
557
556
557
557
556
557
557
556
557
615
556
557
557
557
559
557
616
557
557
556
557
557
556
557
557
556
557
557
556
557
557
556
557
557
557
556
557
557
556
557
557
556
557
557
556
557
557
556
557
557
556
557
557
557
557
557
557
557
557
556
557
557
556
627
557
557
557
557
556
557
557
556
557
557
556
557
557
556
557
557
556
557
557
556
557
557
556
612
557
556
557
557
557
557
557
556
557
557
557
557
557
557
556
557
556
557
557
557
557
557
557
631
615
557
556
557
557
556
557
557
556
557
557
557
557
557
556
557
557
556
557
557
556
557
557
556
557
557
556
557
557
556
557
557
556
557
557
556
557
557
557
557
557
556
557
557
556
557
557
644
557
557
556
557
557
556
557
557
556
557
557
556
557
557
556
556
557
556
557
557
557
556
557
557
558
557
557
556
557
557
556
557
557
556
557
557
556
557
557
557
572
597
656
651
598
597
669
556
556
556
556
556
556
556
556
556
556
557
556
556
557
556
556
557
556
556
557
556
556
557
556
556
557
556
556
557
556
556
557
556
556
557
556
556
557
556
556
557
556
556
557
556
556
628
557
557
557
557
556
557
556
556
557
557
557
557
557
557
557
557
556
557
557
556
557
557
556
557
557
556
557
557
556
557
557
556
557
557
556
557
619
556
557
557
612
557
557
556
557
557
557
667
560
557
557
557
557
556
557
557
556
566
598
597
598
598
597
599
598
591
570
597
597
556
556
557
556
556
557
556
556
557
556
560
557
556
556
557
556
556
557
556
556
557
556
556
557
556
640
557
556
556
556
556
556
557
556
556
557
556
556
557
556
556
557
556
556
557
556
556
557
556
556
557
556
556
557
618
556
556
557
556
556
557
556
556
557
556
614
557
556
556
557
556
556
557
635
556
558
556
556
557
556
556
557
556
556
615
556
556
557
556
556
557
556
556
557
556
556
557
556
556
556
556
556
556
556
556
556
556
556
556
615
556
556
556
556
556
556
556
556
556
556
613
557
556
573
597
654
597
597
597
673
556
556
556
556
556
556
556
556
556
556
557
556
556
557
556
556
557
556
556
557
556
556
557
556
556
556
556
556
557
556
556
557
556
556
557
613
556
623
556
556
556
557
556
556
557
567
597
597
597
657
556
612
556
556
556
556
556
613
556
556
557
556
556
557
556
556
557
556
556
557
556
556
557
556
556
557
556
556
557
556
556
557
556
556
633
615
557
557
557
557
557
557
556
557
557
556
557
557
614
557
557
556
557
557
556
557
557
556
557
557
556
557
557
557
556
557
557
556
557
557
556
557
557
556
557
557
556
557
557
556
557
557
630
615
557
556
557
557
556
557
557
556
557
557
556
557
557
556
557
561
557
557
557
556
557
557
556
557
557
556
557
557
557
557
557
557
557
557
557
619
557
557
557
557
556
557
557
556
557
606
557
615
557
557
556
557
557
556
557
557
556
557
557
556
557
557
556
557
557
556
607
557
556
557
557
556
557
557
557
556
557
557
557
557
557
557
557
557
556
557
556
557
557
557
556
557
614
612
557
557
556
557
557
557
557
558
557
557
557
556
557
559
556
557
557
556
592
597
596
597
654
597
597
651
556
556
556
557
556
556
557
556
556
557
556
556
557
556
556
557
556
556
557
556
623
614
557
556
560
596
597
589
556
557
556
557
556
556
557
556
556
586
597
596
597
597
597
597
651
597
657
556
557
564
597
597
596
556
557
556
556
556
556
556
557
556
556
557
556
555
632
616
615
557
557
557
557
557
557
557
557
557
557
557
556
557
557
556
557
557
556
556
557
557
556
557
556
556
557
557
556
557
557
556
557
557
556
557
557
556
557
557
556
557
557
556
557
557
638
556
556
556
556
556
556
556
556
556
556
556
556
556
557
556
556
556
556
556
557
556
556
557
556
556
557
556
557
557
556
556
557
556
612
557
556
556
557
556
556
557
556
556
557
556
556
635
616
557
557
557
557
557
557
556
557
615
556
557
557
557
557
557
556
557
557
556
557
557
556
557
557
556
557
557
556
557
557
556
557
557
557
557
557
557
556
557
557
557
557
557
556
557
557
662
614
557
556
557
557
556
557
557
556
616
557
556
557
557
556
557
617
556
557
557
556
573
556
556
556
556
612
627
649
597
597
596
597
600
556
556
557
556
556
557
556
556
557
556
556
557
633
560
557
616
557
557
557
557
557
557
557
557
557
557
557
557
556
557
556
556
557
557
557
557
557
556
557
557
557
557
557
556
557
557
556
557
619
597
598
654
597
597
598
598
597
597
675
598
611
578
619
556
615
557
615
556
556
557
556
556
556
556
616
556
556
556
556
556
556
556
556
556
557
556
556
556
556
556
557
556
556
557
556
556
557
556
556
557
556
556
557
634
597
663
598
654
556
556
556
556
557
556
556
557
556
556
557
556
556
557
556
556
557
556
556
557
556
556
557
556
556
557
556
585
597
597
596
597
597
597
597
597
597
597
597
597
597
597
597
597
676
597
598
598
597
598
598
598
597
597
598
597
597
598
598
597
598
598
597
597
598
598
597
598
598
597
597
598
655
597
598
653
556
556
556
556
556
556
556
556
615
556
580
597
700
597
597
597
621
556
556
557
556
556
556
556
556
557
556
556
557
556
556
557
556
556
557
556
556
557
556
556
557
556
556
557
556
614
557
556
556
556
556
556
557
556
555
557
556
556
557
556
648
648
598
598
597
598
598
662
557
557
557
557
557
557
556
557
557
556
557
557
556
557
557
557
557
557
556
557
557
556
557
557
556
557
557
556
557
557
556
557
557
556
557
557
556
557
557
649
560
557
556
557
557
556
557
557
557
557
557
556
557
557
557
557
557
556
614
557
557
556
557
557
556
557
557
557
557
557
557
557
557
557
557
557
557
557
557
557
557
557
556
557
557
557
648
557
556
557
557
556
557
557
556
557
557
556
557
557
556
557
557
556
557
557
556
557
557
556
557
557
556
557
557
556
557
557
556
557
612
557
556
557
557
557
557
557
556
557
557
557
557
557
608
557
557
557
557
556
557
557
556
557
557
557
557
557
557
556
557
557
556
557
557
556
557
557
556
557
557
556
557
557
556
557
557
556
557
557
557
557
557
556
557
557
557
557
557
556
557
557
612
557
624
597
597
597
597
597
658
587
556
556
556
556
556
556
556
556
556
556
556
556
556
556
557
556
556
557
556
556
557
611
556
557
556
556
557
556
556
556
556
611
556
557
556
556
557
653
557
557
557
557
557
556
557
557
556
557
557
556
557
557
556
557
628
597
597
598
598
676
556
557
557
557
557
557
556
615
557
556
557
557
556
557
557
556
558
557
556
557
557
556
557
557
623
557
557
556
596
598
655
597
598
676
556
556
556
556
556
556
650
597
597
597
597
597
597
661
556
556
557
556
556
557
556
556
557
556
556
557
613
556
556
556
556
556
556
556
556
556
639
598
598
597
597
598
598
613
557
557
557
557
557
556
557
557
556
557
557
556
557
557
556
557
557
556
557
557
556
557
557
557
557
557
556
557
557
556
557
557
556
557
557
556
557
557
556
642
557
595
597
601
556
556
556
556
556
598
597
597
597
602
603
597
597
597
597
597
597
597
597
597
597
599
596
597
597
596
597
597
597
597
597
597
597
597
597
597
597
597
597
597
688
598
597
597
601
599
598
597
599
598
600
597
588
556
556
556
556
556
556
556
556
556
556
556
556
556
556
557
556
556
556
556
556
557
556
556
557
556
556
557
556
556
557
556
556
557
556
679
571
597
597
597
597
597
625
556
556
556
556
556
556
556
556
556
556
556
556
556
556
556
556
556
556
556
556
556
556
557
556
556
557
556
556
557
556
556
565
596
597
597
597
597
612
557
800
556
556
561
556
556
556
556
556
556
556
556
617
556
556
556
556
556
556
556
556
556
556
556
557
556
556
557
556
556
557
556
556
557
556
556
557
556
556
557
556
556
557
556
556
557
556
642
613
557
559
557
557
556
557
557
557
557
557
617
557
612
557
557
557
556
557
615
557
556
557
557
556
557
557
556
557
557
556
557
557
556
557
557
556
557
557
556
612
557
556
557
557
556
604
557
557
557
557
556
557
557
556
557
557
556
557
557
556
557
557
556
557
557
556
557
557
556
557
557
557
614
557
557
556
557
557
556
557
557
556
557
557
556
557
557
557
557
557
556
557
557
635
557
612
557
557
557
557
557
557
571
599
557
556
556
557
556
556
557
556
556
557
556
556
558
600
597
597
597
596
597
597
597
609
557
556
556
557
556
556
556
556
556
556
556
556
557
556
617
557
557
556
557
557
556
557
557
556
557
557
556
557
557
556
557
557
556
557
557
556
557
557
556
557
557
557
557
557
556
556
557
556
557
557
557
557
557
557
557
557
557
557
557
557
557
557
624
581
597
597
597
597
613
556
556
556
556
612
556
556
556
556
556
556
557
556
556
557
556
556
557
556
613
556
556
556
556
556
556
556
556
556
557
556
555
557
556
555
556
556
556
556
556
611
557
557
556
557
557
556
557
557
556
557
557
613
557
557
556
557
557
556
557
558
556
557
557
557
556
557
557
556
557
557
556
557
557
556
557
611
556
557
557
556
557
557
557
557
557
557
641
557
579
597
620
556
556
557
556
556
557
556
613
557
556
556
557
556
556
557
556
556
557
556
556
557
556
556
557
556
555
557
556
556
557
556
