5859
4280
3769
4333
4279
7131
2280
5815
2129
7660
2492
10131
4585
2220
7980
2138
7224
7648
4580
4232
9110
4277
7579
4586
2214
6122
5917
4327
5884
4342
8434
8009
4279
2172
14603
6805
2519
5878
2241
9461
3470
4566
4379
3753
2188
7188
5602
2503
4303
5864
6752
6122
6064
4317
5868
2005
5626
4290
3488
4602
2182
7032
4371
5809
4327
2114
7934
3446
3756
4288
2128
5864
2180
2174
8029
2180
5896
4262
7901
5510
7547
4538
4242
5826
3390
5871
2184
2182
5799
4298
7384
3752
2135
8026
2181
4288
3736
5475
3763
4334
4287
5809
5545
3706
4282
2130
5819
2179
5574
2489
5430
5869
4213
5457
6684
4655
2176
5871
2183
5818
2126
4701
4623
4285
5813
2131
2168
9154
4346
5859
4289
2130
5911
5586
2427
4284
3655
4242
4273
9249
2126
5821
4234
4234
7852
4237
7630
4517
4236
3816
4229
3717
4286
4242
3654
4299
8029
4300
4293
3704
2171
2175
3672
4271
3659
4288
2183
5819
2183
2179
9136
4287
5498
2457
4286
3733
4319
3410
4575
4281
5864
2129
2274
5777
2180
5816
4231
2194
7114
4327
3709
4288
2184
5861
4284
4931
4287
2186
5862
4292
2183
7075
4286
3763
4283
2183
5926
5559
7972
2181
4275
7876
4309
7791
4236
4222
7859
5540
5838
2181
5823
2132
4301
8117
4300
7981
4304
10113
2438
4287
3712
4295
2183
5875
5465
5880
4290
2119
5868
2118
5430
5814
2206
5503
4581
2278
7001
4290
3710
4328
4291
5917
5454
5576
2430
4240
5882
2164
5824
4244
2145
4250
3675
4249
2201
9066
2090
2144
4246
9179
5433
4235
5775
4193
4219
7906
4235
4200
7809
4300
5400
2437
4253
2089
5837
2093
2094
7657
4549
4257
4257
7895
5922
2098
7938
2091
4246
9356
2467
2079
5836
5435
4295
2148
7012
2141
7960
3357
2088
4246
6984
2146
2078
2135
3611
4250
2138
5802
5436
3803
6167
2149
2091
3665
5484
4259
3665
4254
2141
5489
2440
2216
4215
3619
4253
2092
5783
2140
2142
9157
2135
4268
3397
2419
4188
9130
4198
4984
7875
4308
4146
5834
2086
4249
3666
4246
2149
6635
4562
4259
4264
5819
2089
4213
2147
5844
2086
6955
7002
4290
4241
5788
2152
2126
7049
2168
2087
5786
2150
4274
5833
5504
2211
5832
2066
4224
2063
5819
2194
2092
7919
2115
4225
2116
5520
2365
2146
4202
5779
4217
4222
2066
7958
5440
2126
7613
2443
4191
2190
6943
2091
4252
3676
4236
4175
5274
7516
4488
4194
4199
7935
4209
5541
2441
2131
2135
5780
4260
4256
5816
4252
4246
3782
4266
2145
5785
2147
2094
4221
5832
5372
2090
5482
2370
4233
2064
2121
7018
2132
2141
5790
2182
4285
3766
5561
5868
2127
2127
5868
2180
8874
2497
2147
7976
2148
4293
5953
4291
3408
2447
4295
4250
5843
2259
7028
5430
2131
2132
5779
2087
2227
5738
2126
2073
2138
5823
2105
4253
9115
4238
4199
7839
4223
4145
5800
4255
2089
2086
9117
2139
4266
5818
4374
8110
5433
5536
2411
4243
2088
5778
3390
4268
5830
4301
4240
2090
9128
2147
2141
5835
2146
4252
2080
3800
4268
3704
4334
4275
5832
4300
5458
5827
2093
4253
3371
4578
3384
5540
2387
2089
4249
3732
4265
2129
9106
2081
2076
4227
5754
5542
7970
2122
4273
3702
4293
5935
2962
4264
7940
4250
9162
4219
2129
7962
2182
2203
5837
5453
2086
7964
4260
4401
5683
2144
4252
3678
4239
4239
5957
2094
2100
5874
4432
5873
5564
2495
2108
3712
2138
2152
5966
3474
5824
2209
5990
4278
5943
5495
3413
4551
2141
2145
7985
2246
7986
2092
4268
3646
2124
2182
7084
4313
3755
4294
4272
5860
4317
5421
7921
2091
4244
2142
5891
4180
4197
7821
4217
9152
4255
4180
2077
7939
2277
5814
2094
4262
7960
4254
5524
5484
2438
2089
4250
3719
4241
7202
4279
2151
5758
2072
4250
4827
2239
4303
5832
4252
2132
5888
2243
5504
4552
2162
5572
2412
2143
4322
6924
2144
4247
3726
4248
2146
4898
4248
2083
5487
2477
2132
5819
3365
2128
3744
4289
3458
4591
2188
7059
4341
8073
2180
4293
3644
5487
4198
7834
4197
4203
9078
4188
4188
5825
2139
2181
9291
2136
8051
4260
4310
7248
4273
2080
5777
4284
2101
7086
4252
2141
5531
2400
4196
7051
7874
2161
4321
3671
2099
5520
5785
2090
2089
7997
2145
4366
7841
2145
4235
2074
6958
2141
5600
5819
2131
5813
2180
2126
8146
2193
5866
2202
2149
3644
4251
3710
4285
2184
5788
2088
2091
5540
2414
4327
7847
4197
4204
4195
9117
4196
4196
7884
2144
2196
8013
2084
4315
7974
4246
3333
3717
2078
2089
5510
2449
2154
4265
3774
4246
7587
2437
4245
2089
5857
4244
2080
5836
2089
4252
2088
3605
3360
3458
4489
4263
2090
5773
4317
9235
4286
2129
8020
2124
8058
4200
2099
4252
3727
4267
7085
2173
2159
7980
2158
4242
9251
4189
2102
4252
3623
4289
5476
3657
4185
4199
4197
7871
4136
7959
4239
4202
2139
7989
2087
4250
3625
4261
4318
7901
7883
2097
4245
3369
4628
2123
5883
4238
2100
5531
2441
4239
8915
4485
2133
4252
3617
5536
6013
2144
5537
4530
2142
4247
7098
2166
4196
3729
4265
4242
9236
2138
2091
5842
2106
4265
3709
4332
3360
4527
2180
5870
2115
5378
3687
2180
4266
3675
4248
2092
5588
5782
2186
6998
4244
12791
4184
4214
4201
7891
5982
5850
2118
2075
5758
2126
5551
3727
4287
3662
4290
2188
5860
5576
5871
4217
2152
7932
2151
4238
9163
2178
4292
3765
5551
5821
2171
4224
5821
2129
5907
2144
4249
3672
4250
2093
5478
4581
5445
7970
2148
4293
3718
5530
3368
4547
2089
2144
5784
2130
2131
6988
4278
2128
7888
2132
2182
6989
2100
4247
5782
4190
4192
7886
4229
4195
7527
4586
2141
3750
4245
2084
5791
4258
4364
6979
2127
4258
7882
2144
5470
8026
2143
3667
8011
2176
3424
7114
2163
4238
5767
2110
2174
7028
4270
2089
5824
2089
4253
3793
4247
4251
5842
2103
2179
5869
2200
4244
3704
4289
2178
5823
2128
7083
4289
2098
5755
4256
4272
3702
4371
5815
2147
4270
3391
4591
3365
8019
2088
4294
7847
4203
4207
7851
4207
4220
5917
4286
3649
4289
4241
3650
2115
5589
3627
4307
8034
2126
5858
2223
4247
3719
2089
2170
5824
2204
5559
3663
4289
3656
4285
2181
6978
5568
5871
2177
4327
9145
5534
5920
4281
2136
8009
3402
5863
4333
2199
5869
2177
7151
4461
3773
4286
3450
4168
5649
9175
2130
3447
2494
9389
4484
7092
5521
7970
9397
8022
4371
9244
9254
2244
7980
5584
5840
8051
4321
3817
5506
5861
2263
6997
4284
2183
7169
5591
2388
4325
5965
2225
7226
5907
2261
6096
2130
7220
4118
7093
4422
7997
5135
4315
3714
4363
2099
5849
2209
5087
5887
2128
4280
5890
5561
5791
2136
5947
2113
4291
10384
4375
7058
4248
4218
9200
4293
7870
4267
7053
4299
5476
5955
4334
7133
4267
5469
6996
2123
5518
5868
2169
5866
4256
4259
8225
2236
2138
5775
2148
4286
10085
2446
2089
4242
7900
9064
6499
2343
5876
2172
3394
5859
2170
5882
4287
2149
4245
3623
4329
5407
7028
2142
4288
5901
4250
2090
3654
2145
4293
7963
2096
5390
2151
3605
2087
2077
9243
5507
7928
4301
7864
5469
5492
5737
2079
2075
5794
5579
5560
4614
4262
4249
3678
5528
5530
2440
2090
4231
5765
5446
4287
3737
4252
2103
4250
6939
2231
5543
2429
4244
4232
2135
5892
4226
2148
5840
2080
2140
7888
5531
4252
2070
6976
4222
2065
8850
2422
4230
2071
5503
2343
4287
5423
9086
5410
5411
5495
10317
5426
2176
9081
4284
4186
7802
4196
4352
7845
2139
2184
8090
4432
8005
4272
6983
4293
5518
7143
4269
3762
4335
6953
5496
2089
7924
2062
5416
4330
6961
4259
2159
5783
2145
4243
9128
2168
2129
5773
2306
5973
5422
5814
2063
4224
2065
5777
5378
4275
2076
4225
3693
2059
2112
2049
5797
4221
2106
2054
5817
2121
2122
4247
6953
4274
2084
2090
5827
2144
4311
7770
4200
4195
7840
4256
4161
5819
4323
2082
3657
2066
4285
7702
4554
2079
4259
9105
4285
2094
5788
2075
2085
4247
3772
4269
3717
2141
2179
5793
2138
4254
9157
2122
2129
5955
7112
3437
4291
3785
4299
3741
4418
8745
6113
2212
5881
3408
3922
7347
3757
4336
7031
4325
7580
10187
4668
3804
5655
7030
2124
2105
3664
4294
4405
7817
4235
4238
7864
4298
7488
4662
4297
8141
4265
5777
2088
4258
7967
4304
5453
5837
4295
4245
5854
4196
4251
5536
2386
2079
4253
3640
4259
2091
5822
4248
2140
4248
3736
4255
2091
5765
2111
2070
4230
3672
2121
4303
8785
2439
4253
4305
11666
2202
5883
2159
4251
6745
5899
6680
4553
5422
11583
2181
4299
6947
5568
7978
4280
7911
4188
9249
4237
4206
5798
2100
5048
2132
4275
7969
2097
2099
3616
3335
4235
3632
4252
2141
5889
4312
6653
5575
2415
4262
3732
4251
2187
6947
4295
4250
2087
5843
2227
4202
3675
4295
4302
5846
2087
2203
4200
3678
4252
2091
5743
4251
5022
2288
5917
2186
5775
2087
2135
5854
5368
2076
4241
3671
4250
2091
7033
4235
2157
5499
2473
2183
5821
2230
4229
7831
4221
4277
7884
4183
7536
2430
2130
9355
4293
4284
2415
2134
3644
4294
5589
5828
2140
5877
4296
2208
7063
4347
5823
4304
3488
4597
5484
3732
4136
7745
3072
5507
5822
2164
2152
5855
2134
2137
5588
5620
4254
2074
2079
5814
2136
5513
7895
2112
4250
3326
4549
2079
5474
2085
4246
2129
5786
2144
2089
6681
2378
4228
5536
2390
4310
4278
5012
5475
4511
4224
7865
4254
4189
7876
4235
3398
5827
4284
5763
2122
4345
3646
4425
8036
2178
2127
5877
2177
5527
3648
2160
2082
5785
2132
2143
8013
2160
4242
5773
2098
4248
3324
2372
2146
2162
8016
2100
4245
3670
4251
2135
5598
3592
4228
2096
5780
2090
2141
7071
5451
4279
5808
4288
5633
3581
4274
3410
4582
2187
5868
5543
4250
3614
4244
4271
4282
9182
4203
4201
7842
4245
4190
7858
4235
4236
3712
3319
2156
5775
4252
4333
8011
5464
2116
5868
4299
2167
4245
4913
2117
5561
2437
4256
4279
5870
3405
7912
2113
5442
5797
2129
3426
5852
4204
4273
5811
2185
4620
4541
2178
5523
2427
2147
5800
3346
2111
3662
4290
2160
5809
2124
2177
9192
2162
3346
4626
4286
3793
5537
2152
7922
4286
5875
2129
3428
5876
2163
4197
7839
4272
4204
7804
4189
4193
5791
2117
5420
2155
2379
2086
4252
3618
5501
2111
5789
2094
4294
5541
4611
4270
4228
5832
4296
4246
7024
2178
4250
7589
2393
4246
3735
4237
4243
5542
2447
2146
4288
9317
2140
2148
2556
5818
2148
2176
7577
2435
4295
4295
3609
2139
5496
5529
2384
4197
2154
5833
2093
5534
5835
2146
4297
5479
4689
4271
5835
2139
4254
7540
5701
4213
4190
7825
4193
2138
4919
2138
2091
5809
2131
4282
8045
5456
2090
5822
2132
2168
3759
4417
3724
4297
2114
5809
2126
5527
2401
5503
5500
2444
2165
3642
2105
2180
6056
2143
5864
2175
2156
5873
2122
3348
5876
4316
5821
4251
2144
4241
9209
2092
2135
5685
2135
2131
3665
4312
5430
5788
2136
2093
5489
2487
4281
7958
2135
4188
8024
2185
4236
5788
2139
4245
7541
5741
4227
7536
4493
4194
8851
2435
4254
2091
3596
2079
2079
9934
4315
4286
5778
4252
2164
9094
2117
2093
4238
5760
5504
2096
8023
2153
4193
3676
5523
2198
5787
2145
4252
3735
4252
2147
4911
4311
2077
4248
5871
2138
2089
9207
4259
2143
7993
2139
4335
9118
2086
4286
5755
2170
2214
9128
2096
4254
3733
4291
2129
4962
4241
5585
4581
4188
4190
7917
4209
4212
7835
5479
5879
2159
2073
5554
4602
5951
2125
4302
8000
4252
2145
3657
2239
4306
5872
4250
2089
5852
2090
2230
10298
4291
4285
5473
2657
3871
4292
2090
5835
4186
2078
5808
5841
2145
4249
3433
4595
4365
5382
5823
2144
4296
5793
4312
5387
5534
2409
2085
4250
3681
4347
8819
2456
4246
4195
5885
4248
2093
5839
2089
2142
7937
4188
4177
4184
7823
4184
5479
5787
2144
4254
2080
3694
4259
5499
3626
4261
4316
7888
5518
4259
3668
4289
4250
2146
5838
2152
5375
5831
4250
2145
5489
6208
4262
2097
5841
2092
4296
7564
2190
2093
5860
4249
4239
5613
5725
2182
7961
2183
4334
5963
4243
5837
4252
2145
2083
7933
5481
3620
2087
4266
3661
4289
3906
4255
2081
5572
2358
2131
2092
7840
4243
4237
7831
4196
4221
9176
2107
5533
2383
2144
9290
3624
4266
4268
8005
9545
2088
5534
2440
2146
4252
3626
4307
4190
5831
2092
2140
4242
3668
4319
5403
5782
4248
2143
5404
4679
5421
5540
2449
2090
4199
3704
5421
2144
5839
2092
4253
5408
4652
4264
3690
2145
4249
2089
5841
2154
5388
5848
2144
2146
7957
2260
3443
4559
2164
2144
5784
2147
4249
7851
4175
4185
7846
4199
4274
7495
2447
2084
2093
7967
4381
4207
3611
4224
2093
4264
7011
4290
2083
5840
2147
2081
3663
4297
5597
8033
2154
4253
3377
4635
4288
3663
2129
5420
5516
4577
2221
5826
2115
2094
5838
2141
5453
11779
9461
6230
10761
4583
5496
13726
7234
4367
5999
9338
2104
5423
5418
5839
4279
4163
7840
4194
4201
7929
4170
4177
5824
4259
2094
2080
6987
4262
4251
3605
2079
2091
8136
2177
2140
5787
2091
4252
3377
5822
4271
3324
4552
2136
2143
8060
5439
4294
3737
4298
4251
7035
2209
7722
2486
4332
5871
5546
2163
5823
2125
5871
2184
4393
9078
2116
5872
2178
2184
7041
4339
3386
4553
2162
5618
2488
2130
10513
4298
7048
4352
7237
7919
4280
7902
9279
4301
9213
2156
5507
5862
4248
2081
5785
2087
4356
5748
2132
5423
5849
2091
2136
7063
4254
2147
5774
4254
2082
8190
2089
4253
2141
5832
4246
2143
7116
4247
2093
5855
4289
2125
7107
2143
5780
2142
4250
2146
5840
2167
5377
5775
2092
4253
3688
4312
2188
5659
2092
4295
4249
3651
2088
5475
5787
2144
2091
7689
2389
4372
5730
4192
4194
7533
4495
4258
4145
7835
2158
4255
3735
4303
4212
7714
2381
4263
4286
9255
2143
2091
5825
2093
4241
9176
2088
2142
8030
2150
4253
7040
2140
2139
4252
6948
4269
7147
4313
7186
4376
8421
8057
5495
8018
3524
10744
4696
5833
2170
2161
7921
2185
8050
2194
4342
9267
4279
3713
2092
4254
2153
7037
4229
7551
4506
4218
9135
4279
4199
3659
2090
4272
5081
4260
2110
7986
4259
7727
4565
2092
2147
5832
2143
4288
9171
4252
2134
3610
2093
4241
9205
4201
4255
2093
7974
2177
9299
2182
2183
5842
2164
2105
7116
4287
3410
4585
2178
5877
2130
2255
7876
2077
2134
5879
4287
2150
8848
2460
2154
2081
3614
4237
4285
4952
4287
5424
5792
5432
3441
5876
4224
7562
4509
7977
7953
7990
4331
9340
2115
2120
8055
4282
7996
2411
4314
5595
4565
2126
7122
4264
2082
3595
2140
4252
3464
5771
2192
7976
2247
5895
4364
3458
4553
4216
5555
2384
2148
4254
7033
4275
2102
5778
2111
4246
3876
4251
2094
5743
4241
2142
3653
2138
4347
8777
2445
4296
4251
5858
4283
2146
5719
2091
4243
2131
7000
2171
4255
7848
4200
4199
9095
4192
4190
7579
2466
4272
3682
4260
4254
2071
5793
4396
4269
5798
2145
2094
5835
2092
4326
8780
2446
4249
2128
5840
2223
5397
5839
2123
2182
8035
2129
8073
2126
4292
3717
4283
3412
5840
2222
7895
4255
2080
3724
4368
5433
5801
2169
4290
3765
4375
5394
7878
2151
4248
3665
2145
3345
3705
2133
2133
2147
5777
2142
4247
3723
4257
2146
5731
4187
4188
7564
4462
4200
4199
7840
2092
4336
6958
4205
4255
8035
4318
4262
8016
2144
2097
8015
5432
4252
7895
2091
4297
8889
4544
2083
2141
5841
2089
4393
7912
4284
2156
4245
3663
4325
5372
5837
2093
2132
3367
2446
2137
2210
5783
2143
4252
7896
2093
4361
3723
2079
2083
5485
2445
4253
2091
5927
4254
2080
3725
4242
4240
5794
2214
5407
8850
4490
4208
9104
4247
4265
7942
8104
4516
3403
9519
4314
7481
5518
2352
5856
5469
7128
4286
2181
5893
4306
2175
9322
3736
2225
4214
3725
4252
3358
5832
2144
4249
2077
5835
2089
2088
9153
2087
4252
3731
4249
2135
3791
2091
2110
7982
2090
4293
5929
4304
5406
5538
4555
4254
2142
9130
4241
2143
5540
2431
4302
2119
6982
4252
2091
7843
5459
4204
7836
4199
4197
5527
4558
2086
5482
4534
2088
4280
7954
4376
7704
2439
2147
4252
6993
2155
4246
3671
4248
2092
2143
7073
4243
3434
4555
2135
2086
9200
4346
2145
3600
2094
4195
3719
4302
4231
2115
3683
4246
2087
5841
2144
2171
5779
2091
4263
5531
4551
5521
3704
4293
2126
5819
2125
5577
3685
4333
3704
4287
5822
2194
4337
5811
4290
4251
5588
4273
9928
4238
4206
7836
4224
5391
5487
4601
4263
4268
9206
4318
2097
3659
4195
2102
8820
2430
4252
2091
5824
4251
2237
9089
2146
4240
5818
2068
2091
4332
5753
4247
2089
5841
2134
2094
9262
2147
2137
2157
5860
2092
2087
9150
4242
2143
5769
2142
4286
8910
2455
4246
2135
3604
2168
4305
5864
2178
2100
5833
2136
2133
2092
5640
5873
2129
5578
2419
4280
9102
4243
4235
7881
4296
10395
5473
9182
10273
5854
3715
2218
7011
5525
2101
5782
2147
4252
2144
5776
5500
4244
5810
2120
2142
4302
9209
2149
4252
3626
4251
2134
9074
5495
4245
5783
2092
2131
2080
5825
5440
4254
5827
4250
2145
9158
2133
2133
5838
2138
2138
4246
6687
2446
2088
4254
3732
4253
2091
5826
2139
2204
7942
2093
4301
8120
7910
4297
8008
4325
7948
2265
5934
3754
4261
4360
7938
4261
4265
4255
4956
2167
2079
5829
4251
2089
5833
2120
4306
6955
2078
2078
2077
5782
2085
2196
9074
2120
4235
5528
4543
5559
4247
3673
4253
2094
3698
4351
3700
4243
4244
2138
5834
2144
5551
5798
2144
2094
7968
2170
4289
9399
3937
4321
9533
2241
4189
5774
4253
2144
5833
4258
4132
7531
4495
4190
4198
9159
5979
2334
3689
2138
4248
4893
2085
4263
8015
2077
2081
2135
5976
2142
5877
4254
2093
5482
4531
4267
4298
5851
2143
2141
5833
2228
4256
3676
4285
2132
5485
2387
4252
4198
5832
2143
2141
5781
2091
4377
5797
4248
2094
2147
5831
2092
5520
5886
3910
4367
3429
4543
4302
5382
5786
2142
4244
3732
4401
3809
2145
4242
2092
5782
2149
2145
3667
5484
7845
4225
8179
5494
7850
2154
4259
3380
4582
5498
5832
4285
4347
5834
2203
7999
2142
4249
2135
5789
2080
2197
7036
4239
2152
5786
2144
4243
5473
5778
2092
5985
2278
8170
4322
3824
4251
2142
5827
4254
8885
2387
2147
4251
3679
4255
2225
9071
2141
2146
5485
2449
4243
4283
9089
2142
2092
4209
5926
2166
7983
2159
2092
5483
2445
4318
5763
4198
4195
4198
7837
4283
4154
7837
2092
2138
3717
5497
4266
5795
4250
2087
5845
4304
5417
5860
2189
2130
5931
2123
9206
2134
4271
5785
4290
2152
4893
4300
2100
3658
2139
4271
3717
5570
5557
2394
2147
4296
5779
4344
5427
5819
4287
3720
4291
3502
3698
4294
3758
4281
4268
7071
2195
5833
2128
4286
3756
4289
2122
5889
4252
5537
2447
2090
4295
9187
4241
7854
4188
4294
7843
4200
4189
5475
4554
2201
9166
4261
4222
2092
5840
4236
4241
5724
4241
2094
7723
5739
2154
5487
2437
2130
2093
7554
2180
4281
5827
2086
2137
4250
3705
5466
4284
5789
2162
2142
5838
2149
5412
3357
2438
4246
2141
5785
2164
2166
7690
2400
4246
2075
5786
2089
2154
5802
2141
4250
2141
5829
2144
2093
9163
4245
2142
5477
2383
4342
5785
4193
4200
7542
4492
5450
7867
4222
5455
7055
5531
5575
4622
4328
8116
4334
5565
4276
3716
4251
5471
5865
2123
5789
2091
4292
9220
2079
2096
4293
5834
4293
5524
2394
2132
5408
5828
6673
4256
3730
4252
2145
2080
8035
5399
4204
3727
4251
2082
3407
6140
5428
2169
5883
4247
2148
7967
2137
4189
5539
4551
4242
2145
7990
4192
4193
7839
4298
4159
7906
4194
2168
2129
3660
5540
5464
4552
4260
4257
7977
4255
4252
3670
2136
2144
4251
7054
2184
5822
2144
4294
4254
5835
5398
4246
5538
2392
2093
8088
2080
2130
2089
7990
2187
2132
3693
5543
5870
2144
2147
4255
2422
2161
5079
3899
4364
5641
4587
2238
5921
4312
6069
3646
2107
2123
2091
9145
2139
4250
3681
4241
4242
5938
5468
7874
4232
4239
7909
4206
4176
7831
2142
2132
3668
4248
2138
4221
7964
4329
2125
7940
2633
4256
3729
4283
3785
2091
4290
5491
4550
2159
5579
2569
5413
3670
4261
2132
5879
2183
5586
2139
2163
2139
5784
2145
4291
5916
4249
2092
3706
2146
4240
5765
4269
5386
4295
7882
4275
5514
5841
2134
2091
4255
3724
2156
2142
5876
5431
2166
7983
2099
4246
2214
6934
4296
4191
7845
5440
4208
7840
4236
5847
5733
4659
7073
4365
9304
5601
7048
4301
7056
7298
2167
5868
4239
3831
4339
5378
5841
4185
2158
5527
2452
2241
5815
2104
4280
3677
4290
4251
4930
4251
2185
5506
2497
4286
5618
7062
2197
2120
5785
2149
4244
25523
3474
3703
4293
7963
2141
2152
4259
3732
4283
4285
7881
4186
4238
9068
4224
4237
7855
4300
5431
5883
4249
3658
4258
5544
5803
4248
2140
5484
2388
2169
4328
6911
4245
2086
5841
2078
2172
7645
3574
2094
9149
9183
2084
4285
5727
2169
2147
5524
2498
4282
3877
5902
2307
8984
5970
3841
4347
3817
4320
9282
2106
2148
4244
5772
4295
3387
3603
2138
2118
3668
6106
4272
2145
5770
2177
2131
5827
4230
4224
7915
4239
7857
4222
4231
7105
4328
5823
4348
4355
7171
4300
5859
4228
5576
2482
4263
3734
2111
4295
5842
4252
6869
2480
2102
5745
4236
4295
3743
5481
5869
4284
2182
5876
2240
5821
2116
2129
5812
4235
3647
2173
9032
4556
4276
5868
6722
4290
3760
4328
5510
4582
3404
5866
2136
4306
5773
4246
2107
4979
4278
5897
2126
4231
9126
4252
8051
4237
9079
2258
8025
2104
2132
4308
5863
5510
7004
4277
2157
5844
5524
2159
5838
2090
4207
7965
2166
4219
3313
4550
5840
4292
7062
2205
2123
5918
4333
5882
2125
5605
2424
2185
8058
4323
4290
5835
2125
5822
2199
2131
5867
2185
9306
4323
2196
8071
2192
5632
3635
4279
3691
4280
4223
9233
2125
2123
5867
2120
5811
4283
4192
7884
4238
7576
4586
4171
5811
2131
4332
5876
5560
5836
4353
2148
7933
5557
8065
2193
4284
3658
4285
7149
2124
2129
5873
2186
8017
3429
2201
7977
2091
4252
3680
2199
8907
4633
2129
3669
4285
2142
8870
2126
4335
5942
4358
6180
5909
2228
5975
2263
5878
2286
9171
2167
5859
2191
4280
9265
5508
8067
2219
9149
4257
7855
4236
7911
4182
2119
3633
2111
2181
5871
4247
7078
2125
8155
4339
5875
2204
3755
4282
9204
5872
3456
5824
2172
2121
3738
4334
5579
4582
5437
5580
4617
2172
9258
4344
3790
2178
4288
3765
4339
9260
2131
2134
5780
2181
4282
3801
4287
3758
4290
2181
3638
2128
8111
5509
5581
2474
2135
7996
5479
2135
5883
2124
5881
2184
5496
7870
4237
7877
4358
7878
2185
2130
7952
2128
5919
5485
2127
8115
4301
5883
5486
2189
5872
2144
4246
5829
4336
5429
5878
2133
5827
2173
7804
2120
5862
2135
4289
3713
4418
5780
4328
4283
5875
2185
5884
5467
2126
8028
2186
5619
5726
2110
4247
3667
4248
2087
5865
5459
5559
4577
3317
2144
9128
4327
4281
5838
4243
2092
7608
4499
4246
4190
7893
4247
4199
7881
2150
2141
5786
4303
4225
5839
4318
4266
8003
5434
2079
4252
3675
2108
4291
9198
4248
2079
5784
2090
2081
2084
7009
2088
4246
3733
4251
2098
5571
2467
4237
5844
4255
2146
10073
5771
2135
9165
4386
11649
5460
4287
10477
4290
9139
2118
4261
8321
4343
3710
4300
3731
4280
2153
7781
4241
4231
7847
4264
4173
7858
2104
4252
3678
5489
4288
8016
4259
4315
10409
2142
2088
4254
3659
4241
5523
8011
2111
4253
3677
4252
3379
7878
2134
4242
2084
3655
2137
2076
5842
2089
2089
5784
4278
2142
4251
7034
4484
4243
3726
4259
2125
7133
2210
5825
2183
4291
3660
4368
6996
4287
2150
5837
2092
2093
9170
4283
2186
5824
1879
5852
4354
7827
4192
4203
8761
4553
4255
7904
2082
4270
10357
5438
5465
7022
3468
10420
10131
5814
4305
10352
2124
5609
6923
2215
8001
4248
2141
4248
7035
2138
2144
5825
2142
4293
5952
4291
4251
5773
2142
2144
4257
3703
4281
5527
4550
4278
3714
5593
3643
2172
2127
7988
2140
4246
3736
4240
4287
5550
4566
2102
8083
4159
4197
4194
7838
4288
4144
7885
4200
2148
5477
2453
4296
7608
4559
4266
4267
8106
4295
2101
7915
2138
4351
6992
4264
2128
5860
2142
2090
9124
2133
2079
4302
3721
2146
4247
9559
2077
2122
5786
2141
2141
5513
5754
4193
2093
5871
4291
2093
9288
4332
5877
2166
2140
7029
4336
4209
5803
2161
2182
5899
5423
5880
2184
4289
6006
8047
5993
4226
4199
8717
4308
4232
7883
2180
3761
4417
4304
4603
4294
7996
4369
4254
7930
2148
4249
3754
2142
4395
9127
2148
4251
3665
2078
2222
5806
2089
4246
2143
3602
2090
4257
3674
4311
4284
7683
2389
4235
4313
6998
2176
2143
5834
2139
4247
8862
2129
2079
2085
5777
2143
4245
7124
2153
2159
5840
2145
4252
9252
2082
2092
4198
5904
4294
9265
4262
4244
7879
5631
7847
4196
4206
6985
5539
5471
9182
5433
2085
10439
4274
7073
4299
9275
5489
4266
3653
4258
8065
2125
4291
3712
4293
3846
5554
8898
2393
2164
2146
5781
2247
4255
3623
4296
4284
5779
4306
3378
5834
2089
2073
8817
2392
5514
5491
2486
4237
5833
2114
2086
9179
4251
2082
5834
2143
4252
7106
2092
2093
4249
7852
4301
7843
4197
4193
4199
8049
4270
5785
4204
2079
5551
2365
2159
4273
7949
4240
2135
3368
9508
2153
2148
5804
2143
2134
3659
5457
2101
5842
2144
2090
4255
3734
4368
3718
2132
2144
4292
5775
4250
2084
5815
5457
4252
5872
2182
2104
9112
2090
4274
3717
4315
2134
3721
4316
5421
5882
4295
4290
2101
9159
4252
5461
2416
2128
5885
5497
4287
3731
4198
4197
7973
4196
7515
4539
4235
9156
2080
4255
3664
5433
2079
2091
9157
2085
2139
7989
2139
4388
5735
2081
4219
4294
3654
2144
9296
4589
2103
4251
3616
2080
2093
3771
5430
4240
4241
5780
2143
2088
9154
2144
4254
4948
2684
2187
3837
2265
2225
5890
2115
5578
2429
2177
7633
2221
3862
2209
2185
5975
4264
2176
9142
4251
2145
7989
2089
4325
5151
2198
2192
2191
3915
4202
7952
4197
4215
7872
4219
5532
7965
2091
4249
5743
2092
5502
3626
2198
2186
3831
2198
2187
5592
5748
2128
4320
5864
4198
4260
5829
2177
5870
4281
2128
5928
2341
4482
2185
2190
3830
2191
2197
5487
5823
2127
5774
2091
4253
2087
5781
2109
4727
2228
3912
2186
3818
2196
2103
8050
4350
5588
4549
2084
4249
3627
5533
3404
3752
2187
2182
3934
2183
2197
5904
4303
4291
5872
4186
4228
10780
2320
2328
4036
2289
2293
6988
2193
4245
3678
4239
4211
2084
6982
2151
4262
8001
4285
4331
6978
2940
2197
2187
3805
2185
2182
8371
5842
4293
2154
2086
5730
6063
4272
2183
4853
2222
2228
3854
2240
4932
2104
2181
7989
2163
4191
7006
2237
5295
2506
2195
3868
2222
2230
8068
4254
2168
7471
2200
2188
2188
3865
2188
4264
3633
4296
4255
5829
2159
2091
4590
2200
2187
3542
2486
2102
4255
7888
4186
4188
7840
4310
7984
2171
2078
5557
4573
2129
8121
2220
4105
2240
2239
3769
4306
7100
2176
2208
5811
2967
2231
3932
2249
3534
2402
4267
4252
3678
4198
2091
5795
5421
2147
2947
3818
2182
2199
3900
2158
4224
5544
4548
2087
4246
3746
2243
5409
6659
2196
2197
3819
2272
2186
2173
7907
1434
2154
5785
2150
4419
9141
2192
1832
3813
2184
2174
2177
3837
5517
2099
5863
3865
2196
6709
2113
4028
2308
5778
4292
4195
9059
2757
4565
2485
2208
2218
3855
2093
5471
2391
4259
4297
8026
2171
3419
5697
4248
2090
5835
2143
4251
4917
3511
2222
3853
2233
3863
2140
4302
9198
2183
5830
2185
2985
3813
2255
2270
3823
2143
8044
2084
2140
4251
3747
4255
3419
4592
2174
3737
4330
5516
7001
2216
2209
3864
2221
3474
4596
4233
3612
2079
2093
4254
3689
4292
7030
2183
2975
3512
2492
2196
2176
5990
4388
11519
4191
4186
4249
7820
1859
3560
2526
2228
3874
4288
4302
8007
4303
6144
3692
2148
2188
3844
2189
2104
7991
2073
4371
5865
2985
2215
3520
2494
2181
2192
7030
2193
4254
3626
4298
2174
5881
4268
8811
4677
2334
3949
3685
8199
5455
5891
2140
5953
6796
4616
4313
7441
5725
2303
3808
5529
2124
5807
2169
10545
3569
3993
3592
2562
3533
6012
7892
4227
4264
11445
4290
5979
2206
5843
2167
4324
6941
2813
2181
2193
3821
2179
2187
7047
2143
2137
4241
3616
4251
2144
5879
5431
4297
3464
2178
2186
2188
3871
5425
2145
5784
2135
3984
3524
2485
2279
2152
3725
4262
4294
5837
4254
3350
5784
2939
2187
2197
3824
2187
2222
7082
2153
7992
2085
4246
2143
5600
611
557
558
2383
2937
3814
2190
2188
2198
3727
2095
4321
6961
4253
2166
3435
3799
2188
2199
5152
4205
4200
4178
7828
5477
6572
2195
2185
2192
3825
2188
2105
7052
4300
7729
4559
4314
4313
5740
4243
2126
2088
7976
3342
6574
2472
2185
2194
3817
2193
2093
7046
5411
2140
5539
5739
6668
4200
3690
2186
2199
3822
2194
2090
2092
7070
4305
4312
5070
2187
2198
5041
2250
2097
7959
2090
2135
3309
2373
2080
5496
6843
2178
2186
3829
2185
2200
2096
7935
4249
2135
5829
4293
2090
6649
4491
2939
2287
4021
2288
2272
2303
9133
4191
4248
5829
2150
3521
3931
2195
2188
3531
2396
4305
2070
3657
2143
4207
3436
4598
4242
2143
5861
5539
4287
5815
4295
2091
2121
7064
2179
3179
3819
2184
2188
2199
3697
4333
5533
2434
4248
2088
5839
2144
2089
9240
3207
2224
3875
2223
3853
4322
4296
5812
2176
5588
2435
2122
2077
3754
5408
4289
3501
2215
2200
3799
2240
5506
3753
4278
2125
5047
2175
2200
3834
2259
2196
5740
4238
4238
7975
5963
4029
2261
2268
2177
3689
2075
2156
9147
4264
2096
4247
7995
5465
2226
5087
2225
2227
3849
2214
2096
7069
4245
2145
5886
3401
2198
3526
2555
2202
4965
4530
2146
4253
9742
2183
3466
3843
2194
2187
2189
3738
4319
10454
4246
2092
5536
2438
2213
7062
4239
2987
3866
2217
2186
3844
4396
8040
4291
2123
5864
2183
5744
2539
2358
3857
2213
2213
3657
4289
7140
2353
6616
2323
4155
2486
7919
8076
5671
5857
10495
5380
2636
3972
2356
8474
7085
2240
5948
2233
10507
7001
2397
5469
2741
5160
5895
4329
8148
2175
7158
7134
4337
4912
2190
2255
5132
2339
5833
2173
5866
2169
2136
7025
3243
2221
2183
3829
2183
2200
5810
5480
4280
7915
2171
4282
4839
2173
6938
3953
2218
2222
3852
5519
2119
5860
4236
7895
4235
5447
5714
2385
4050
2324
2227
3759
2191
5559
5580
2129
3134
3861
2229
2239
3935
2120
3654
4291
3455
2154
4333
7016
2951
2193
2184
3824
2187
3862
4330
4330
6890
4232
2074
2073
8011
2164
5373
4255
4577
2187
2189
3523
2500
2175
3353
4541
2053
4226
2105
5809
2136
2146
9202
2130
4211
3705
4285
2123
5025
4267
3653
4246
2082
5899
2134
4740
4276
2094
5759
2171
2144
5606
5874
4308
7934
4203
4207
9078
4180
4186
4193
9105
2128
4297
5773
4261
4268
7076
4300
4313
7918
2253
6009
5446
5818
2081
2084
4246
3672
4335
5386
5786
4199
4253
5846
5434
2147
5839
2144
4292
4293
5964
2146
5842
2092
2144
4294
5916
4279
3726
4294
2197
5881
2173
6836
2706
5882
2181
5532
4554
2132
2179
7910
2117
3754
4292
2180
5927
4331
3030
4293
3681
4195
4195
7540
4499
4218
4229
7866
2258
7970
2183
7648
4596
5586
10382
2092
3716
4342
10162
4701
7973
2260
10487
2265
8083
6765
4649
5158
5692
2616
6023
5973
4003
4369
5861
4324
3455
2421
4380
9280
2193
5867
2180
5824
3410
4328
7061
2181
10520
5879
4301
5799
2123
5576
5893
2427
4273
3427
4551
4195
4199
9119
4239
4187
11544
4255
3822
4300
3379
4493
2067
2083
3636
4243
4291
7914
2151
4252
2092
5810
2143
2159
5813
2086
2085
5843
2162
4224
3678
4278
4240
4199
7035
2162
2166
8026
2183
6001
3675
4320
4137
5475
2444
2127
5483
2368
2173
5393
5834
2144
4251
3713
4253
2271
6925
4255
2167
3743
4264
8054
2144
4249
3613
4244
2093
5542
2491
5399
5837
2138
4253
4198
7860
4200
4197
7834
4196
4235
5882
4356
3603
2069
4189
8090
4305
4255
4258
7959
2091
2240
7984
2090
4300
5791
4251
2115
8778
2480
2079
2071
5780
2091
2144
7973
2141
4281
3669
4255
2137
5575
2273
5788
2145
7847
2397
9226
7969
2078
2087
4294
5831
4235
2145
5843
2147
2090
7968
2195
4212
2081
5834
2145
2140
5761
4353
4310
5779
2079
2155
5577
4524
5442
7847
4277
7957
5522
5869
2159
2120
5887
2135
4227
5960
4303
8143
8075
5672
5978
5540
9279
7408
8983
5858
10470
4460
7099
4311
5959
5218
6820
2394
2090
4253
3616
2170
5888
2131
2200
5829
2141
4253
3321
2419
2220
4266
5911
2085
4245
3673
4187
5515
5829
2092
4250
2092
5838
2284
5778
2085
2088
5480
2444
4255
4225
7923
4207
7833
4188
5482
7833
4246
2141
2091
7945
2141
5407
3597
2087
4253
7662
2438
5409
4187
3611
4286
7996
9260
2148
2136
2066
5828
4296
3837
2204
5777
2083
4246
2091
5822
5425
2154
5787
2091
4283
5870
5508
4281
7941
2144
4253
2089
5758
5378
2147
5788
2187
4281
10413
2205
2203
3288
2166
2185
5783
4307
2233
9157
2161
3771
3936
2118
2188
8885
4221
3933
4194
4810
7855
4202
4250
5488
2387
2088
7036
2079
4248
4246
3616
4261
4395
5834
4239
4237
5782
2084
2092
9254
2243
5839
2128
2091
5774
5428
2142
3424
4588
2075
2144
5781
2132
2186
9133
2206
4253
3734
4249
2193
8721
2458
4287
2086
5782
2088
4700
4552
2131
2146
5817
2141
4236
9152
2100
4320
5805
2156
2099
9250
4280
3760
4289
2104
5894
3440
7564
4500
4200
4197
7917
4191
4187
5785
2142
4242
7022
2086
4253
7666
4563
5542
7072
4240
4250
6696
5757
2124
5866
5431
2144
2128
5893
2123
5389
5818
2141
4245
3616
2133
2117
4148
5788
4282
2148
5778
2097
5908
2115
2075
2132
5867
4253
2142
7094
4274
4242
5837
2233
5442
5904
5416
4252
5839
3595
4731
5388
5788
2147
2166
5834
2088
2165
5762
4195
4193
4193
7892
4259
4153
7832
2090
2090
7729
7248
4562
4255
4262
5777
2221
4214
3619
4245
2087
2089
8128
5915
4237
2142
4242
3677
4250
5501
6933
4237
2085
2089
7975
2165
4206
3666
2077
2084
7683
2451
5555
5856
2101
4271
3714
4286
3416
5856
2179
5889
4249
2090
5556
6167
4291
4281
5844
2165
2080
3757
4297
5412
3753
4289
2129
5859
5561
7865
4212
4197
8725
4557
4197
7528
2467
2127
5963
2085
4213
7962
4259
4262
8062
2218
5769
4269
2141
5781
3786
2091
4190
7010
4256
2089
5762
4259
4282
2155
7969
2103
4279
7073
2142
2146
5844
2091
4306
4286
6942
2169
4297
5822
4288
11141
5989
2122
7944
2187
3646
4289
2125
5829
4241
2087
7966
5439
2142
4246
3607
4291
4357
9000
4194
4192
7557
5745
5408
4190
7916
4279
5009
4258
6806
2540
10412
2170
4271
5859
4266
8879
5832
7068
5512
5521
6959
5442
8820
4560
2169
4959
4248
5531
3664
4288
7073
4288
2089
5802
2231
5475
4551
2172
5383
5800
2075
2118
5787
2089
4322
6899
4250
2143
2139
5859
2167
4909
4253
2091
2087
7875
2145
4274
9141
4198
4198
7835
5458
4239
7843
4191
2150
4292
9153
4212
7689
4561
4350
7968
4352
4284
3679
2143
4326
9078
2118
4249
3677
4238
2206
6633
4550
2080
2175
7990
2143
4314
5748
4227
5966
4288
2134
9208
4332
5820
4331
2130
5970
4274
5766
2168
5517
2461
2231
7101
2180
5867
4288
2182
9257
2118
3765
4223
4274
5823
5530
5596
4585
4226
7869
5442
4219
7900
4235
4287
4950
2097
4234
5795
4339
8060
4289
2110
5956
4311
5785
2146
2142
6995
4286
2097
5879
2080
4238
9184
4291
7983
2119
2115
7134
2221
9579
2183
2124
8088
5418
2098
5838
2214
4311
3710
5598
3657
2143
4251
3678
4249
2165
3452
4579
2103
5835
2159
2127
5819
2187
6826
4552
2149
2179
5859
2159
5967
2205
3442
2477
4288
7842
4195
4275
7482
4501
4284
5860
3466
3639
4259
5432
7967
5481
2116
7016
5473
4269
7198
4266
3760
4254
4205
5843
2143
3402
5773
4241
2091
5838
2141
4359
3724
4255
2154
5774
2139
2145
5912
3456
3716
2091
4246
2132
3704
2077
2080
5517
5714
2085
5436
7862
2090
5624
3287
4249
2093
4884
2138
4223
9186
2125
2127
4236
3295
2415
2086
5514
5877
2127
3310
4491
4182
8000
4140
4196
7822
4176
4259
8803
2437
2143
4207
8000
5455
2104
7887
4193
4254
5528
5703
2092
4295
5839
4250
2138
5771
2086
2090
4241
5827
4246
2088
5888
4239
2091
5839
2086
4247
7096
5457
4249
5735
2100
4240
8946
4543
2087
4238
5826
5491
2149
7923
2090
4254
3343
5841
2166
5781
2147
4256
3322
4551
2141
2232
5895
5927
4240
4197
7596
5757
4194
7842
4195
4290
7006
4351
4239
5750
4309
5432
3628
4253
2178
3772
2090
4251
7192
4288
2157
7963
2094
5491
5775
2143
4253
2143
5863
2142
2091
9153
2091
2090
8030
2097
5466
2143
3632
2139
4246
2094
5782
2080
2145
9134
2075
2144
4296
5787
7040
4290
5521
4592
4252
2090
9160
2135
2139
5837
2091
4303
4252
5790
2070
2174
5837
2145
4254
4246
9027
4226
4196
7837
5406
2138
5824
2184
4296
5734
2079
6679
5568
6940
2277
10341
4335
9136
2118
4302
10261
5418
2150
4247
7012
5562
5799
2274
7913
4252
2205
5844
2162
2151
5798
2115
4264
3679
5467
4256
2147
3706
4289
3494
2477
4365
6910
4294
4293
5499
2479
3441
10629
4239
2091
2162
7126
5938
2092
2142
4246
3675
4254
9132
4185
4197
4178
7887
4236
5489
4551
2088
2086
5791
2091
4336
5768
2113
4231
5774
4234
2202
5494
2392
4241
4273
7906
2160
7755
2435
2081
2143
5860
2141
2139
9185
2089
2090
4288
5842
4191
2239
6894
2091
4243
5767
4236
5528
2080
4597
4279
5622
4517
3412
5783
2091
2137
4250
3618
4255
3809
5493
5980
2130
2124
5811
5481
5898
2168
2133
5823
2164
7716
4614
4239
7880
4236
8007
4221
5881
2130
2128
7995
2220
6944
4263
4263
4263
7065
4301
3697
2222
5888
4246
2146
7080
4322
2142
5830
2142
4247
4566
2487
4258
3765
4317
4289
9142
4348
3403
2456
2128
5824
2128
7133
4332
4277
5902
2103
4248
7346
2182
4295
5917
5843
7650
5733
2085
2079
5835
2135
2135
2070
5870
2138
2144
5827
2080
4246
3682
4266
4167
7528
4513
4200
4206
4555
4237
5859
4247
2178
9626
4263
4258
8119
4312
8790
2381
4251
2144
5821
2298
7037
4272
2151
5843
2141
2141
7917
2131
2071
4237
6629
4366
7062
4258
3452
2161
2128
5881
2127
5513
5807
2092
4250
3665
2081
2149
4254
5793
4289
4246
5869
2134
2156
7981
2176
4293
3613
4258
2179
7017
2119
4282
3753
4287
2088
3662
2088
5452
7822
4225
4272
11492
4223
4278
5870
4305
3416
3514
4253
4246
4251
7937
5516
4249
3338
4541
2082
2135
3665
4282
5406
2146
5781
2092
4283
5871
7841
4293
2139
5812
2184
4334
9122
4315
2172
6935
2123
5484
5716
4254
2163
5875
2180
11616
4311
3734
4405
3738
5647
8019
5491
5846
2213
2135
12452
10374
4324
9354
7966
4278
9110
4397
7897
2128
5876
5603
7970
4362
8197
8250
4341
2137
5812
2184
5871
2127
7208
4383
3705
2117
2181
5813
4576
7670
2426
4313
3733
4304
7136
4282
5863
4273
4249
4920
4307
4252
5820
4305
6005
2213
5796
4296
4236
5884
4300
2224
7977
2109
4269
3753
4256
8952
2127
2185
5873
2148
4282
9248
4256
4196
7830
4228
9146
4224
4230
3754
2204
3878
5933
2076
4256
8083
4276
10197
2136
4285
9170
2129
9267
5431
2129
7967
6763
5840
5492
5868
2147
2128
7127
2188
5943
2141
2132
3366
4617
7226
4244
4230
2142
7975
3343
2077
3715
4255
2091
5788
2088
2141
12874
5471
2141
5875
2179
7102
4291
2123
3643
2181
8024
3441
5577
4528
4222
7541
5777
4261
7821
4195
4292
5855
5445
2088
4248
3608
4262
4295
7946
4241
2091
7619
2382
4333
5379
5784
4243
2160
3618
5511
2130
5819
2176
2087
10695
4334
9109
4239
2077
2136
3709
2093
4320
6909
4313
4251
5537
2392
3408
5534
4510
2152
4255
3624
4307
3340
4554
2131
5899
2179
2173
3704
4416
4199
5779
2146
2145
5870
2144
9267
2125
4236
7855
4262
9161
4198
4198
7835
9422
2168
2091
4312
5774
2089
4307
7003
4321
4254
5707
4249
3364
5868
4271
5934
4241
2144
5455
3705
4368
5887
2130
2093
4291
9157
2166
2168
5890
2118
4289
6981
2157
4015
4276
2169
5832
2164
5453
5798
2175
2170
8009
2211
6764
4230
4237
2086
7979
2088
4330
7025
2176
2124
5921
4290
7052
4285
2083
4193
7834
4248
7544
4583
4190
7844
2099
4341
6912
4210
4253
2080
3600
2133
2103
3626
2145
4241
3653
4290
2182
5918
5423
5798
4279
2128
9193
4313
2147
5782
2088
2144
5779
2145
5476
3669
4318
8008
2144
4362
3738
4273
4282
5787
2090
2141
5603
4662
2180
5864
2140
2089
5837
2158
4283
3714
4289
3767
4275
2145
2079
3694
4239
3380
4544
9140
2092
5811
4236
2142
8019
4236
7839
4212
4199
7538
4497
4276
7628
2446
4239
4253
8052
4274
4259
7908
2145
4297
9546
2169
2168
5865
2183
2182
9211
4270
2148
5881
4409
5919
8970
2182
4311
5844
5469
2138
5473
2389
4254
4202
5824
6627
5424
5827
5414
2090
8878
6995
4284
5810
4277
8968
4568
5541
7982
3417
2144
7906
4225
4256
9189
4249
7879
4197
4252
9114
4299
2090
5817
2095
4262
6719
4545
4254
4235
7949
3388
2179
5842
2083
2131
5581
2592
8165
2115
5869
2109
4287
5861
2113
2233
6991
2187
5577
2489
2183
6686
2199
5426
7897
2148
2088
4247
7053
4251
2089
5837
2139
2129
3425
4604
5395
2143
5831
2081
2154
3808
4401
9089
2146
4251
7916
2163
4203
5771
4247
2142
7535
4532
4143
4185
7816
4194
4346
5782
4296
4249
5544
2381
2087
6770
4579
4265
4207
5732
2160
7115
5492
4250
3752
4247
2090
7944
4546
5462
4247
5867
2194
5824
2127
6727
4625
4247
5019
4270
2144
5833
2143
4199
6737
2183
4298
5815
4291
2088
7007
2128
4005
5865
2087
2837
4194
3725
5483
2127
9099
2140
4272
3708
5460
4282
5756
2132
2150
4209
7853
4222
7964
4193
4197
5389
5851
2187
9227
2126
2128
9122
4347
4274
5873
4288
5466
5802
2126
4331
5956
7194
4246
2138
2144
5813
4305
4284
4979
4294
3661
4264
4231
8820
4664
2107
3656
2131
5432
3718
4397
8863
2460
4314
8856
3569
4294
3414
4563
2185
5816
2249
5936
2183
5876
2170
2181
7944
5120
4410
3812
8040
2193
9133
4395
7943
4276
9206
5522
4565
4254
2145
5820
3351
5797
4249
4252
4309
9213
4429
3736
4291
3764
4288
2125
5006
2130
5867
2125
2100
5830
4184
5532
5954
2184
5873
2179
9198
4322
2092
5784
2087
2141
5439
5855
4247
2089
5836
2132
2076
2086
8014
5522
5796
2082
2135
5491
2492
6796
4588
2157
5473
4554
2140
6809
4551
2092
2089
7943
4343
7871
4229
4212
7817
4272
4205
5778
2142
4248
2137
5869
3412
3645
5565
3736
5514
5912
5457
2170
9145
2203
5876
3368
5596
2483
2120
9157
2164
5533
9145
2176
2100
5790
5436
4928
4333
4322
5812
2125
4285
7066
2090
2140
5926
2119
8026
8087
2418
2118
5880
2205
2184
7050
2114
4287
3647
2144
4310
7006
5490
5892
2119
2127
3758
4293
3883
7845
4289
7577
4534
7870
7868
2183
4335
3711
4342
7953
2117
2118
3645
4391
5524
4634
5396
5840
4339
2101
5821
5432
2104
5790
2090
4270
7425
5465
4285
3615
2131
2146
8083
2124
4194
4234
5352
2090
4247
2141
5875
5380
4276
5532
2383
2104
5930
3379
2199
7933
2080
2083
5795
3297
4300
3702
4254
2133
5870
2184
2174
6999
2177
2229
9181
5724
3780
7951
4376
8000
9300
4349
5828
7143
5535
5876
4441
8210
6037
5663
13330
9040
5601
4377
5894
4310
3721
5478
5562
2473
2199
3731
4295
3414
2504
5555
4649
2132
5901
2126
7094
2181
4317
9126
2137
5854
6745
5862
2112
4249
3285
7069
4238
2209
5983
5972
5558
3622
4192
2133
5757
2123
2128
7715
4629
4206
7853
4224
4215
9041
4235
4196
3711
4279
6660
5435
2111
4265
4318
7981
4208
2139
5863
2304
7061
6708
9138
4278
2238
9211
5441
6993
5489
7107
5484
2126
4231
9116
4279
5473
7709
2395
5411
2139
5831
2189
4240
5786
2146
2242
5881
2105
3442
2395
2157
7655
2439
4253
2091
7047
2176
4253
3707
2133
2134
3609
4295
5581
7936
4218
4235
7873
4235
7921
4188
2133
4238
3658
4333
4278
5767
4311
4260
8165
2122
5834
2145
4253
3608
4289
2221
6946
2076
2131
3702
2145
4252
5073
2095
4235
3737
4293
2127
3642
2173
6743
4525
2079
5945
2237
5946
2323
4902
4252
2088
5484
4597
2143
7671
2393
4201
2161
3617
4249
2147
3416
2500
2092
5948
4301
9273
5561
4285
7955
2203
3747
5106
3564
5929
9190
4396
9237
7684
4606
5830
4521
7057
4290
3351
4674
4306
7060
4329
5417
4591
2175
5857
4571
2142
5780
2146
4280
3716
4336
8861
2396
4236
2134
5870
2134
7060
2188
4291
3663
4224
2092
7166
2198
7929
4291
5809
4341
2220
7957
2183
5495
4577
2098
4297
9222
2157
5910
2075
2089
7076
4251
2087
2087
5849
2135
4196
7012
2119
4244
7829
4194
4262
7484
4486
4212
4238
5852
5574
4247
7949
4308
2079
8073
4347
5857
2124
4286
3773
5502
2128
7934
2174
3775
4348
10477
4321
3436
4657
6781
7004
7992
2134
4293
7030
5475
5519
2428
5450
4263
10500
4258
3657
5459
4292
7985
2088
4247
2090
5884
4322
4908
4295
4299
5847
2087
2145
5883
2175
4281
7691
4332
9099
4230
4226
8169
4232
2173
4878
4329
3766
4304
4347
3648
5565
3659
2142
4284
7927
2184
5871
2113
4285
3625
4253
2137
5785
2140
2153
5769
2212
4242
5880
4244
2146
7469
2078
2138
8086
2140
4244
7057
4243
2080
5772
4271
4227
5429
5785
2145
4238
5775
4349
2103
5837
2186
2169
3692
2160
5869
2131
5545
5833
2183
7661
2466
5612
3745
4389
8210
8007
5471
7856
4276
7918
5598
6199
3529
5483
4623
5557
10421
5468
5882
2173
5030
4279
2089
5484
4575
2100
5898
2125
4264
3669
4319
3790
4260
2125
5831
4305
2101
7983
2203
4307
7079
2163
2069
5907
4288
5888
2260
5873
2186
2182
5873
2131
5804
3355
2188
8055
4269
4280
5919
5462
3713
4293
2183
5970
2180
5925
5449
5525
4512
4283
9072
4213
4202
7855
4206
5459
5843
2093
4254
3323
2361
2092
7081
4327
4291
3755
4332
8283
2332
10380
2219
10765
5533
5887
8976
4774
10354
5440
4267
5822
5537
9212
2148
5876
2129
5586
5845
2091
4253
3675
4295
5583
7957
2079
2083
5828
2169
2178
7127
2241
6983
4255
2117
5813
5558
5886
2187
4282
7944
6781
7885
4234
7860
5614
5881
2155
2127
7937
2122
5583
2409
2125
7985
4285
2101
5859
5520
2095
7994
2183
4283
5008
2194
5817
2186
5825
2182
4295
3672
5452
5524
2424
2189
5868
2182
4350
7049
4284
3659
4279
4279
4999
4334
5906
4289
2128
3725
4364
9133
2181
5865
2184
4286
7057
4290
2175
5882
2216
6096
9251
2228
5898
2118
8092
4288
7917
8044
4304
9178
2138
2137
5819
2177
8032
4331
4297
7981
4297
4285
7078
2175
5869
2116
2132
3314
4597
5489
4253
3650
4232
4226
9120
2170
4233
2085
3657
2091
4241
5898
4255
2134
5834
2148
2135
3421
4503
3363
5443
5812
2141
2090
5837
2101
4271
8812
4705
4275
5875
2162
5369
5809
2140
4252
2086
3689
2362
5793
2150
4262
5778
4285
7936
4196
4199
7861
4237
4307
7817
4265
2142
5843
4210
3361
6978
2087
4369
8071
2184
5920
5446
9155
5633
9321
4114
10451
10662
4312
5523
4381
6078
7150
5464
4292
3715
4261
5503
9110
4221
5595
4674
5534
4544
2145
2085
5837
2089
4312
6991
2093
4270
3712
4220
2089
6996
2185
4284
3730
4297
4285
7905
4146
4196
4238
7816
5447
7955
4245
2146
2146
8110
2120
8072
4316
4254
8008
2155
2147
8036
2181
2080
3715
4257
2192
5875
4249
2084
4247
3677
4249
2090
4934
4253
2143
5779
4239
2091
5882
2097
7796
2392
2164
4245
3641
5498
4232
5810
4247
2144
5777
2202
5379
5541
2473
4270
3710
4319
5464
5840
2134
2125
5809
2097
2108
9123
2145
2089
4253
3760
2083
2144
7959
4190
4199
7850
4261
9204
4256
4236
5829
4294
6748
4613
4266
4315
7996
5419
2091
5840
2145
4283
5825
4261
5434
5782
2086
4255
2145
5909
4225
2167
5824
2086
2147
5914
5693
5774
2183
5813
4279
2186
7092
2092
5871
2086
4295
4249
7084
2169
3685
4333
4250
5834
2141
2142
5376
5786
2075
2175
5474
2445
4319
5720
4278
2145
5584
2395
4349
5949
4216
7932
4256
4195
9077
4193
4189
3309
4591
2138
7093
2111
4285
7985
2103
2089
9228
2103
2083
5475
2450
4334
10095
5826
2092
7928
2136
5468
8037
5488
5809
5628
9181
5540
5929
6833
5924
4354
3735
5686
2493
7087
5474
2146
4243
3762
4292
5484
5762
2085
4249
3328
4579
2146
3269
7003
4257
2132
5886
2223
7146
4184
7821
4194
4200
5428
7821
4191
2089
5824
4308
2138
6370
2065
2077
2091
7964
4359
3703
4251
2146
2143
7986
2143
4300
7855
4246
2087
5485
4593
5923
4219
4228
4279
5764
4287
5487
4176
5770
4300
4276
7035
4270
4319
5866
4288
6707
2605
5764
2205
2135
5815
2183
5943
2188
5627
2388
4239
4282
5844
2230
5424
3786
2185
5869
2183
4293
7180
7983
4201
4194
4202
9171
4195
4192
5773
2142
5944
2181
4251
5884
4361
9210
2287
7624
2432
2077
2085
5839
2173
4204
2079
5939
4298
5811
2138
5538
5809
2131
2097
7922
2082
5922
5836
2146
4249
3724
4245
2091
6736
4590
2215
3667
4244
2141
2135
8539
2193
5872
2181
4332
5876
2280
4211
5782
2100
4292
3674
4268
2194
9110
4294
2091
5874
2145
7086
4250
4241
4185
7877
5388
4201
7830
4197
2152
7007
4312
2142
5797
4318
4269
4301
7965
2137
2091
5785
2090
4283
5038
4299
4188
5860
4371
5584
6856
4248
2093
5840
5434
3419
5878
4196
2135
8822
2441
5485
4251
3614
4248
2146
3659
2145
5537
7627
2384
4252
2146
3657
2147
5454
5976
2283
3731
4302
2182
7028
2189
5482
2439
2132
2081
5773
4368
3722
2089
4253
4251
7837
4228
9141
4194
4194
4246
5829
4211
2132
5841
2088
2093
4266
8057
4271
5918
2255
2148
5827
2089
4329
7005
4291
2163
3677
2148
2148
5844
5478
6746
2139
5542
2392
4266
5379
5823
4283
2161
5872
3431
5843
4252
2141
4297
5924
4353
9108
2139
4254
2145
3654
2183
7037
2141
4245
3668
2135
2144
4252
3811
4239
3399
4573
4270
5820
2231
2126
9114
4232
4204
9051
4325
7873
4236
4232
7042
2148
5929
2130
8035
4350
4377
7997
4271
5540
2388
2079
3878
2180
4288
3811
5977
2185
2080
5914
4303
2098
7916
2136
4248
2143
5828
4287
2144
5786
2132
2133
5836
2215
5399
5840
2143
4244
2144
5894
4294
5787
2090
2109
5858
2112
4295
9231
4299
3832
2199
5870
5932
7969
2090
4185
4244
3624
4321
5398
3673
2082
4204
7878
4204
4201
7537
4487
4182
4269
7933
2144
4298
3621
5442
3329
2088
8018
2164
8034
6737
2144
5843
5444
2088
9188
2186
4245
5843
4250
2147
5831
5560
2164
5841
2149
4247
3428
4545
3424
5846
2092
4253
2145
5843
2133
3670
5491
4284
3743
2069
2093
8077
5421
4245
5746
4190
2088
5595
2520
4255
3415
4555
2082
2144
5895
2152
5537
2440
4249
2139
7833
4269
4145
7846
4199
4200
7861
5416
4250
2088
5752
2095
7820
4290
4245
4254
5783
7061
5381
4239
3680
2139
4250
3665
3269
4282
2133
7430
4249
2087
2135
2465
5408
4289
5775
4193
4246
5815
2128
2087
4278
3673
4250
2141
6974
2071
2072
2086
3744
4337
7920
3324
2194
5781
5505
2144
8033
2150
4209
2084
5834
2091
4203
5845
4289
5393
4248
3618
4253
4198
7841
4199
4242
7529
4498
4262
4201
5845
2083
2094
8136
4350
4226
7957
4261
4199
4886
4339
2092
5833
4242
2093
8013
5452
2141
5833
2147
4250
2132
5863
4292
2138
5885
2148
4295
5898
4313
5869
4283
2125
5907
8106
2131
4267
3668
2132
2093
4290
6022
4222
3676
4252
2142
2091
5842
2090
4281
9097
2090
2141
4252
3624
4334
5806
4250
2143
2091
7931
4277
4196
7926
4236
4184
8784
2162
2127
8093
2094
4246
3685
4346
6977
4263
4262
4238
9133
2138
2145
5832
2144
4247
2139
5901
5477
5826
4263
5473
9242
5455
3353
4578
4216
6013
4278
5905
8289
4386
7003
4288
4242
2139
7864
5551
5889
2143
4248
3378
4543
5464
5821
2183
4320
3787
4291
4566
5826
4300
3769
4294
5886
5508
4237
7945
4273
9100
4318
5882
2179
5570
4323
5533
3667
4300
8004
4330
4352
7010
4328
5876
4293
2188
8179
2117
2173
5822
2144
4113
7045
2206
2520
3737
4286
3764
4291
2183
4913
4316
2082
5779
4242
2145
7882
2095
4254
2145
5830
2087
2146
6995
4312
2156
5783
2145
2143
7909
4472
5858
4292
2150
5833
2155
7136
3732
4251
2111
5808
2183
2124
9162
7644
4537
4185
7855
4211
2094
4247
3730
4252
2093
7039
2131
8093
4413
5836
2234
5486
2385
2089
4247
3690
4292
2181
5017
4256
3383
4597
4249
2140
7110
4284
2093
5900
2214
5832
2136
6771
4284
2133
2143
5806
2092
5634
3671
2103
8055
2146
4287
3677
5494
5887
2108
2106
7939
2189
5582
5842
2092
4252
3676
2167
4246
2184
9076
2082
2202
7974
2177
2087
9042
4190
4195
4186
7845
4174
4184
7899
2084
2069
2144
9236
2089
2091
8020
4259
4357
5665
2079
2082
3419
2420
2139
4254
3629
4356
5485
2379
2168
4255
3727
2085
5430
5932
2205
9103
4242
2078
7113
2092
2103
5595
4564
2166
2137
7138
2143
4294
5833
4293
4295
4874
4249
2090
5839
2143
2144
4252
3792
4194
3677
4253
2091
2092
7977
2174
4256
5854
4365
3725
4250
2147
5729
4202
4235
7831
4186
4256
7785
4229
4248
3425
5785
4210
2101
8066
2111
2078
3611
5504
2187
5838
2147
2115
5893
4321
5960
2090
2140
5839
2138
4291
3626
5521
2096
5842
2092
4295
2156
4579
3426
4250
5792
2091
4192
3716
4247
2157
8776
2393
2089
2163
5782
2092
4323
9078
2166
2139
4252
3681
5540
5817
2178
2183
5866
2187
5932
2228
5428
3625
5424
2086
7984
4342
4178
7833
4188
4203
9096
4193
4192
4199
5790
5523
2140
7965
4263
4318
9228
4258
4309
5793
2108
2158
6141
7041
4255
2153
5585
4586
3513
5763
4239
2140
5839
2141
4331
3702
2156
2177
5878
2141
4246
3674
4294
5370
2078
3657
4245
2144
5836
3337
4332
3627
4250
2143
5787
2117
2131
7045
4218
2092
7993
2170
2138
7101
4243
2085
2091
5787
2146
4241
7989
4198
4200
7534
5746
4230
7845
4195
4255
2091
7963
2091
4253
3601
2080
2088
5502
7028
2179
8036
2329
5835
2177
4237
2442
4291
7059
2194
9264
5479
4342
5892
2126
10464
4253
10041
4561
22269
5877
5387
4284
4242
5878
8103
9082
2138
4245
3426
4576
5534
7889
4253
2093
4236
6998
2131
4243
7830
4205
4204
9043
4190
4191
4198
5848
3302
4276
6020
6048
8072
3420
3418
4642
2202
5975
6002
6859
4581
4285
5875
4291
2183
5051
4288
7930
2131
4292
3671
4367
10647
4331
4289
5872
5448
5816
2131
5497
3691
2203
4288
8047
5989
2146
2090
5969
2128
2083
5778
4226
2085
4251
3674
4376
6616
4548
2090
2080
7069
5520
5538
4497
4198
4192
9151
4224
7951
4200
2090
9212
2132
2134
8097
9289
2180
7768
4607
2129
5593
2444
4317
4191
5786
2146
2109
3719
4279
3395
5834
2142
2083
4247
3708
4247
3442
3641
4253
2093
5794
2100
2092
5911
4292
3376
4548
2087
2145
9212
2178
5406
2441
4187
4239
3676
4314
5375
5830
2085
2141
4253
3673
3368
4247
3732
4251
2145
5821
4243
3342
5783
2092
2090
4191
7884
4271
4139
7830
4190
4241
5521
4594
3800
4330
4320
8036
2168
5412
5782
4243
2080
5426
9169
4255
2144
5784
2166
2138
7087
2174
2176
5815
4231
5877
6673
4306
7042
2177
4246
10395
4361
3793
4246
3434
4548
3414
5844
2145
4285
3449
2379
4246
2084
4927
4242
2143
5764
4261
2147
6778
4603
2145
3302
2443
4278
2145
5868
4234
2143
5833
2081
4186
9128
4274
4194
7831
4188
4240
7171
4324
7940
4260
4333
7917
4307
2080
2144
5834
2141
5516
5878
4294
2155
5837
2081
5477
7614
2412
2056
2125
3365
4555
2198
2128
3659
2075
2132
5717
4189
4244
9196
2154
4236
4239
5834
2091
2223
7883
2081
2082
4262
2147
4252
2147
5821
4271
4284
5842
4250
2138
4988
4257
2144
5485
4505
4248
2147
7123
4270
2141
5809
4224
8097
4229
7848
4190
4178
7025
4335
4269
5783
4253
5521
3627
4262
4294
5836
2150
2140
4286
6970
2087
4292
5874
4237
4303
8778
2446
2144
4281
5895
5543
4251
3618
4299
4295
5838
6559
4235
2135
5833
2146
2144
5962
3723
4296
4251
5832
4320
7162
4265
5783
4253
5796
3466
5807
2184
4333
3664
4312
6846
2246
4328
5813
4280
8773
4604
4190
7832
4211
4228
8390
4631
2090
5840
4271
5523
2083
7949
4266
4253
3623
4262
5372
2081
5767
2153
8103
2220
4236
3727
4246
2093
2145
7939
3400
5840
2142
2143
5537
2438
4245
3872
4284
2143
3616
2146
4250
2159
3720
5479
4250
3762
4252
2144
5876
5490
4254
3662
2165
2149
3679
4264
2162
5553
3581
4253
2092
5861
4241
2143
9233
2133
2080
3667
4293
2085
8739
4572
4198
7540
4534
4348
7874
2169
2089
7691
4552
5375
4238
4309
7938
4188
3377
5457
2420
2082
4244
3676
4254
2142
4930
4295
4293
2102
8035
2273
9151
2144
4253
3626
4252
2093
5901
4244
2085
7688
2438
4250
2145
4982
2079
2092
7925
2085
4248
2138
5917
5400
2136
7985
2143
4246
7028
2157
4254
5594
2385
2156
2206
7120
4262
3671
4317
4270
10371
4267
7859
4212
4232
9088
2167
4238
3727
4258
4265
4918
4367
5811
2091
2152
5789
2139
2088
7614
2476
4246
2148
5832
5558
5488
4574
2130
7117
4680
2159
5784
2135
2140
5978
5614
5752
4278
3680
4244
2085
2146
5782
2226
4244
5773
2132
2163
5473
2445
2142
4268
9127
2095
2079
5833
2087
2139
9183
4285
2106
8036
2085
4271
5397
3738
4293
4241
3710
2094
5483
7874
4234
4210
9045
