1817
1749
1752
1750
1750
1963
1753
1752
1754
1754
1756
1752
1753
1751
1753
1749
1750
1748
1751
1752
1850
1750
1749
1752
1751
1751
1752
1751
1750
1751
1750
1753
1753
1750
1751
2457
1953
1752
1749
1753
1750
1749
1752
1752
1750
1751
1751
1750
1750
1751
2091
1751
1749
1750
1753
1752
1752
1750
1750
1749
1750
1743
1633
1634
1633
1800
1745
1636
1632
1634
1635
1632
1633
1634
1634
1635
1634
1635
1633
1633
1634
1633
1766
1633
1633
1635
1635
1788
1633
1634
1633
1635
1633
1633
1633
1740
1750
1751
2106
1750
1749
1750
1750
1751
1753
1752
2600
2923
2114
1752
1517
1444
1746
1443
1442
1441
1441
1442
1443
1445
1441
1442
1441
1441
1388
1289
1288
1289
1290
1292
1377
1440
1289
1289
1291
1291
1289
1289
1290
1290
1290
1315
1112
1114
1114
1115
1114
1114
1114
1181
1065
1066
1065
1158
1135
1110
1065
1066
1065
1066
1066
1065
1065
1065
1138
1252
1066
1066
1060
942
942
942
942
942
942
943
941
943
1050
942
941
942
942
941
942
942
944
942
1010
817
817
816
816
817
816
816
816
818
817
816
816
870
766
765
765
764
765
767
766
765
943
767
766
766
876
978
849
766
765
767
766
766
766
766
766
766
765
765
760
662
662
663
662
662
662
662
662
661
661
662
663
662
662
733
613
612
707
613
612
613
612
612
612
612
612
612
613
613
611
613
612
612
612
612
613
612
612
612
612
612
612
613
612
612
613
612
613
613
624
557
556
557
557
556
556
557
557
557
557
556
557
616
588
597
597
598
598
597
613
557
556
557
557
556
557
556
556
557
556
556
558
556
556
557
556
556
557
557
557
557
556
556
557
557
556
558
556
557
557
557
556
557
556
556
557
557
557
556
601
572
598
598
597
597
597
613
556
557
556
557
557
557
555
556
557
556
558
556
556
558
557
556
557
557
556
556
557
556
557
557
556
557
557
556
557
557
556
557
557
556
557
557
556
557
557
651
602
558
566
597
598
598
596
597
622
556
557
557
557
557
557
556
556
557
557
556
557
556
557
556
556
556
557
557
556
557
557
556
557
557
556
556
557
556
558
556
557
558
557
556
556
558
613
560
597
597
597
598
597
597
590
557
557
557
557
557
556
557
557
556
557
556
556
557
556
556
557
556
557
557
556
556
557
556
557
725
858
833
681
680
723
680
680
681
709
557
556
611
576
598
598
598
597
597
598
614
564
598
589
584
600
598
597
608
558
582
597
598
606
556
557
557
556
556
557
556
592
598
598
597
597
598
597
597
598
598
598
598
598
598
597
598
671
598
597
597
597
597
598
598
597
615
557
556
558
557
557
556
557
557
556
557
556
556
557
556
557
557
556
556
558
557
556
557
557
556
557
556
556
557
557
556
557
556
556
557
557
556
558
855
583
598
598
598
597
597
598
591
556
558
557
556
557
556
556
557
557
556
557
557
557
557
557
557
557
556
557
557
557
556
557
556
556
557
557
556
557
557
556
557
557
557
558
557
556
557
639
620
597
598
598
597
597
598
597
597
598
598
598
598
598
597
597
597
598
597
598
598
597
597
597
598
598
597
598
598
597
598
598
598
597
598
597
597
597
598
598
597
598
598
625
568
598
597
598
598
598
597
604
557
556
556
557
556
557
557
557
556
557
557
556
557
557
556
557
556
556
557
557
556
556
557
556
557
556
556
557
557
557
557
556
556
558
557
557
557
557
627
600
557
556
557
556
556
556
557
556
651
831
681
682
681
680
681
681
693
556
557
557
557
557
556
556
557
557
556
557
557
556
556
557
558
556
558
557
556
558
557
556
557
557
557
556
614
557
557
557
556
557
557
556
556
557
556
557
557
557
557
557
557
557
556
556
556
558
556
557
557
615
556
557
556
616
557
557
556
557
557
614
613
557
557
607
674
558
557
558
587
597
597
719
562
556
582
615
557
612
557
557
557
557
557
557
557
557
557
557
556
556
557
556
556
558
556
556
557
556
556
557
557
557
557
556
557
557
557
556
557
557
557
557
557
556
558
556
615
557
608
556
558
585
588
557
557
556
557
557
556
557
614
556
557
557
556
557
557
557
556
558
556
556
557
557
557
558
556
557
557
616
557
557
556
556
557
556
557
556
557
556
613
557
557
557
557
649
1296
557
556
557
557
556
557
557
557
557
612
556
556
557
556
557
556
556
557
557
556
557
557
556
556
557
556
557
557
557
557
558
556
557
557
557
557
558
557
557
557
556
611
557
556
556
732
557
556
557
557
557
557
557
556
556
557
556
557
614
556
556
557
556
556
557
556
556
557
557
557
557
613
556
557
556
557
557
556
556
557
556
616
674
728
576
556
557
557
556
557
557
642
595
623
532
532
532
532
533
532
532
532
532
532
532
532
532
533
590
532
533
531
532
533
532
532
588
532
532
533
532
532
532
532
533
532
532
533
532
532
532
532
532
533
532
533
533
532
533
532
532
589
543
557
557
556
556
557
556
565
533
533
532
533
532
533
532
531
533
532
532
533
533
532
532
532
532
532
532
533
533
532
532
532
533
533
531
532
532
532
532
532
532
533
533
532
532
532
533
533
608
553
555
556
556
557
556
557
570
533
532
533
532
533
532
531
533
533
532
533
531
532
589
531
533
532
532
533
533
532
533
591
532
533
532
532
533
532
533
532
574
532
543
557
557
557
556
557
579
604
533
558
556
557
557
556
573
533
532
533
556
556
557
557
556
557
568
532
533
532
532
533
533
533
532
591
533
533
533
533
533
532
533
533
532
533
533
532
532
533
589
533
532
532
533
532
533
532
609
568
556
556
557
558
556
578
533
532
532
532
532
533
533
532
533
533
532
533
532
533
532
532
533
533
532
533
533
533
533
532
533
533
531
533
533
532
533
532
532
533
532
533
532
532
532
533
532
532
681
556
557
557
556
557
583
532
533
533
532
532
533
532
533
533
532
533
532
533
533
532
533
533
532
532
533
532
533
550
556
558
557
557
558
557
556
557
560
557
558
556
581
597
597
597
597
597
734
588
570
533
532
532
532
533
592
532
532
533
532
532
533
532
532
534
532
532
533
532
534
533
532
532
533
532
533
532
532
533
533
532
533
591
532
532
532
533
532
532
533
532
533
532
532
533
533
623
551
576
576
576
576
575
576
576
582
575
661
551
608
551
551
550
552
611
550
550
551
550
550
551
550
551
551
551
551
551
551
551
551
550
551
551
550
551
551
551
551
605
550
551
552
550
551
637
545
556
557
556
557
558
556
567
534
532
532
533
532
533
532
532
534
533
532
533
532
588
533
532
532
533
532
533
533
532
533
532
532
533
532
532
533
532
532
533
532
532
532
532
533
533
532
657
788
726
680
681
680
681
708
647
532
533
533
531
533
533
532
533
533
533
533
532
533
533
532
532
532
589
533
532
532
532
532
532
533
532
533
532
532
532
532
532
534
532
532
533
531
533
533
579
591
532
532
532
533
532
533
533
532
533
532
532
532
533
532
532
532
533
532
532
533
532
532
532
532
532
532
532
533
532
532
532
533
532
533
532
532
533
532
533
532
532
533
532
532
533
531
532
533
758
533
533
533
532
533
533
532
533
533
533
532
532
533
533
532
533
533
533
533
532
532
533
532
533
532
532
534
532
531
533
532
532
533
533
532
533
532
533
533
532
534
532
532
533
532
532
532
532
533
667
531
532
533
532
533
533
532
533
532
533
533
532
533
533
531
532
533
532
533
587
533
533
533
532
533
532
532
533
533
532
533
532
533
589
532
532
532
532
533
533
532
588
532
533
532
531
533
533
619
555
597
557
557
558
557
557
581
532
532
533
532
533
532
532
532
532
532
533
532
532
534
587
532
533
533
532
533
532
533
532
532
533
532
533
533
533
532
533
532
533
532
533
533
532
533
532
532
532
688
718
791
680
680
682
707
645
649
532
532
533
533
532
532
533
533
532
533
533
532
533
533
532
589
532
532
533
532
532
533
533
532
533
532
533
532
532
533
532
532
532
532
533
532
532
534
621
603
556
557
556
557
557
556
569
533
532
532
533
532
533
532
532
533
532
533
533
532
532
533
532
533
533
532
533
532
589
533
532
532
532
533
532
532
532
533
533
532
533
532
532
533
532
532
533
627
538
557
557
556
557
557
572
533
532
533
533
532
587
532
533
532
533
533
533
533
532
533
595
532
533
532
532
533
532
533
532
532
533
532
532
533
532
534
533
532
533
533
531
532
532
532
533
532
533
649
607
557
557
558
556
557
557
563
533
532
532
533
532
532
532
532
533
533
532
532
532
533
533
532
532
533
532
532
533
532
533
532
532
534
532
533
532
532
533
533
532
644
533
532
533
533
533
595
756
721
681
682
557
557
556
583
533
533
532
532
532
533
533
531
533
532
532
533
532
532
532
533
532
533
532
533
533
532
533
532
532
533
532
532
533
532
532
533
532
533
532
533
533
532
532
533
630
551
557
557
557
557
616
556
557
556
556
558
557
557
557
557
556
557
557
556
557
557
557
557
557
556
557
557
556
558
611
556
556
557
556
556
557
556
557
558
556
557
557
556
557
557
556
557
590
556
556
616
580
532
533
532
532
533
533
533
532
532
534
533
532
533
532
533
533
532
532
532
532
533
533
532
533
532
591
533
532
532
533
532
533
532
532
532
591
589
532
542
556
556
557
614
556
696
532
554
557
557
556
558
567
532
533
532
533
532
533
533
533
532
533
532
532
532
533
532
533
532
533
533
533
532
532
532
533
532
532
533
532
532
534
532
533
533
532
533
532
532
533
532
532
572
539
557
557
556
558
557
557
569
532
554
557
559
556
557
564
608
557
558
556
557
557
557
635
598
657
556
557
557
556
556
557
557
557
557
556
557
557
556
557
556
556
558
556
556
557
557
621
615
557
556
556
557
557
556
557
556
615
557
557
557
557
556
556
557
556
556
557
556
557
556
557
557
557
557
556
582
533
532
533
532
532
589
532
533
532
533
532
532
532
533
533
533
532
532
532
584
543
556
557
556
707
680
707
645
644
645
704
645
645
645
666
533
532
532
533
533
532
533
532
532
533
532
532
533
532
532
532
532
533
532
532
532
532
533
533
533
532
532
532
533
532
532
642
613
556
557
557
556
557
557
578
533
533
532
533
532
532
594
532
532
534
531
533
533
532
533
532
532
533
533
532
533
532
533
532
532
532
533
532
533
532
587
533
533
532
533
533
532
533
532
532
618
598
557
557
556
556
558
556
577
533
532
532
533
531
533
533
532
590
533
531
533
532
532
533
532
532
533
532
533
533
532
532
532
532
533
532
532
533
532
532
533
532
532
533
532
533
532
532
532
643
599
556
557
556
557
557
556
557
563
532
533
532
532
534
532
533
533
532
533
533
532
590
532
532
532
533
532
533
531
533
533
531
532
533
532
533
532
532
534
533
532
533
532
532
534
533
533
533
565
535
612
556
558
557
556
557
581
533
533
533
532
533
533
532
533
533
532
533
532
532
533
531
588
532
532
533
532
532
533
532
532
533
532
533
532
532
532
533
532
533
532
532
532
532
532
532
532
533
558
553
557
557
557
556
573
579
644
671
646
532
532
533
532
533
533
532
533
532
532
533
532
532
533
532
533
533
533
533
532
533
533
532
533
533
532
533
533
531
533
532
532
533
532
532
532
532
533
667
557
556
557
556
556
564
533
532
533
532
533
534
532
532
533
532
532
532
532
533
532
533
533
532
533
533
532
533
533
532
533
532
532
533
532
533
532
533
533
533
533
534
532
532
533
532
532
533
617
533
538
556
557
557
556
557
557
575
588
533
531
532
533
532
532
532
532
533
532
532
533
532
532
533
532
532
532
532
533
533
532
532
532
533
533
532
533
532
532
533
532
532
532
532
532
533
532
532
638
557
556
557
557
586
533
532
532
533
532
532
532
531
533
532
532
532
590
532
533
533
532
533
532
532
532
593
533
532
532
533
533
533
534
532
532
533
532
533
532
532
533
532
532
533
533
551
557
592
612
557
557
557
556
557
556
557
557
556
557
557
557
571
597
587
557
557
557
556
557
557
557
557
556
557
557
557
557
557
556
556
557
617
612
556
556
556
557
557
556
557
557
557
557
556
656
623
557
556
557
557
557
556
572
623
556
558
557
557
557
556
556
557
557
556
557
556
557
557
556
557
557
557
556
557
557
556
557
557
557
556
557
556
557
557
556
558
557
556
558
557
557
557
601
557
557
557
556
557
557
556
557
558
556
557
557
556
557
557
557
556
556
557
556
557
556
556
557
556
556
557
556
557
557
556
557
556
557
590
532
532
533
533
532
533
532
532
533
532
532
533
610
556
557
556
608
557
556
566
533
532
592
533
533
532
532
532
592
532
533
532
533
533
533
532
532
532
533
531
533
532
532
533
532
532
532
532
533
533
532
533
532
591
534
532
532
533
532
533
533
558
532
555
556
614
557
556
572
533
533
532
533
532
532
533
533
533
532
532
533
533
532
533
533
532
532
532
533
532
532
533
532
532
533
532
533
533
532
533
532
533
532
533
532
533
532
532
532
532
533
623
531
537
557
556
557
557
556
556
563
532
533
589
532
533
532
532
533
532
533
533
532
532
532
532
533
533
532
533
532
532
533
532
533
533
588
532
533
532
532
533
532
532
533
533
533
532
532
533
640
547
558
556
616
558
587
532
533
532
532
534
536
673
644
645
645
644
581
532
532
533
532
532
532
533
533
533
532
532
533
532
532
533
532
533
532
532
532
532
532
533
532
589
533
532
533
532
674
545
557
557
556
612
557
573
533
533
532
532
544
556
557
556
557
557
568
532
533
532
532
533
532
532
533
532
533
533
532
533
532
532
533
532
533
532
532
532
532
532
533
532
533
533
532
532
533
624
532
532
532
532
588
532
533
533
532
533
532
532
533
587
532
588
533
533
534
532
533
533
532
532
588
532
533
533
532
532
532
533
533
532
532
533
532
532
533
532
533
532
532
532
532
532
533
532
533
624
589
532
533
532
532
533
532
532
533
531
533
533
532
533
532
590
533
532
532
532
532
532
533
532
533
532
532
534
533
532
533
532
532
533
532
533
532
532
533
532
532
533
531
533
533
532
533
533
602
644
533
531
533
533
532
532
532
532
532
532
532
533
532
532
532
532
533
533
532
594
554
556
557
557
556
576
532
532
533
532
532
533
532
532
534
589
532
533
532
533
532
533
533
533
532
534
532
533
630
532
533
592
532
532
533
532
532
532
531
534
532
532
533
608
645
690
700
645
633
532
533
532
532
533
532
592
533
532
532
533
532
532
533
532
534
533
533
533
531
532
533
533
551
613
557
557
673
556
556
557
557
556
557
557
556
557
556
556
556
557
556
614
557
556
557
557
556
558
557
556
557
557
556
557
557
557
556
557
556
557
557
556
558
557
556
557
557
556
558
557
556
557
557
649
612
557
556
584
615
557
556
557
557
556
557
598
592
557
557
556
556
557
557
557
616
557
556
613
557
556
557
556
560
557
557
557
557
556
556
557
557
556
556
557
556
557
557
556
557
557
627
609
557
556
557
557
580
532
533
532
533
533
532
533
532
531
533
533
532
533
532
532
533
531
533
532
533
532
533
532
532
532
532
533
532
533
533
532
532
533
532
533
532
532
533
531
533
532
531
533
663
546
557
557
556
556
616
556
556
557
556
556
556
557
556
556
556
556
613
557
556
556
556
556
557
556
556
557
557
556
557
557
556
557
557
557
557
558
556
557
557
557
557
608
780
680
742
734
680
681
678
532
558
557
556
557
556
556
591
621
556
557
556
556
557
569
532
532
533
531
533
533
532
532
532
532
533
532
532
533
532
533
533
532
532
533
533
532
532
533
532
532
533
533
599
551
532
532
533
589
535
556
557
555
557
557
557
570
532
533
533
532
533
532
533
532
533
532
533
533
533
532
533
532
533
532
532
589
532
533
533
532
533
532
532
533
532
533
533
533
532
533
532
532
657
533
532
590
532
533
533
532
532
532
532
532
532
532
533
533
532
533
533
533
532
532
532
532
531
533
532
533
533
532
533
533
532
532
534
532
533
532
532
533
532
532
533
587
532
532
532
533
532
608
558
532
532
589
532
532
533
532
532
533
532
532
534
532
532
534
531
533
532
532
533
532
536
557
556
556
557
557
556
564
532
532
534
531
532
532
532
532
532
532
533
533
532
533
532
532
533
532
532
624
587
533
532
532
533
533
532
533
532
532
593
532
532
534
533
532
533
532
532
533
533
533
532
532
532
532
532
533
534
557
557
557
557
556
578
532
533
531
533
533
531
532
533
532
533
532
532
533
630
590
533
532
532
533
532
532
533
532
533
534
532
533
532
532
589
532
532
533
587
786
644
645
646
702
642
532
533
532
533
533
532
533
532
532
533
591
532
533
532
533
532
532
532
532
532
533
649
532
532
532
532
533
532
532
533
533
532
533
532
532
532
532
534
533
532
533
532
532
533
532
533
532
532
533
533
532
532
532
532
533
532
533
533
532
533
533
532
533
532
533
533
532
532
533
532
533
643
531
533
533
532
533
533
532
533
532
532
533
531
533
532
532
533
532
532
533
532
590
532
532
533
533
532
532
534
532
532
532
532
533
532
532
589
532
533
533
533
532
533
533
533
533
532
588
532
603
610
533
532
532
533
531
534
532
532
533
532
532
533
532
532
533
533
532
533
532
533
532
532
533
589
532
533
532
532
533
532
532
533
532
533
533
532
533
532
532
533
532
532
533
532
533
532
532
533
628
587
532
533
532
533
533
533
533
532
532
533
531
532
532
532
533
533
533
533
532
532
533
532
534
532
532
533
533
532
533
532
533
533
532
533
533
532
534
532
532
533
532
532
533
532
533
533
532
533
647
532
533
533
532
533
532
532
533
532
532
533
532
533
532
532
533
533
532
533
532
532
533
532
673
722
690
645
644
701
644
616
532
532
533
532
533
533
551
558
556
556
556
558
571
533
532
602
566
532
532
532
591
532
533
532
532
533
532
532
533
533
533
533
532
533
532
532
533
532
532
590
532
532
533
532
533
533
531
533
532
590
533
588
532
533
532
532
533
533
532
533
532
533
533
532
533
628
532
533
589
532
533
532
533
533
532
532
533
532
532
533
531
533
532
532
533
532
532
533
533
533
533
532
533
533
531
533
532
533
533
532
532
533
532
532
533
532
533
532
532
533
532
589
533
532
570
532
532
532
533
532
533
592
532
532
533
532
533
533
531
533
532
532
533
532
532
533
532
532
533
532
532
532
532
533
532
532
533
532
532
533
532
532
532
532
533
533
532
533
532
533
533
532
533
533
597
621
533
532
532
534
533
532
533
532
591
533
532
533
532
533
533
532
534
532
532
533
533
532
533
532
532
533
532
532
533
532
533
533
532
533
533
532
533
532
533
533
532
547
586
531
532
533
554
557
645
571
533
533
533
533
533
532
532
533
532
533
532
532
533
532
532
533
532
533
532
532
533
591
532
533
532
532
533
532
532
533
532
533
532
532
533
533
532
533
532
533
533
532
533
533
532
533
533
578
623
533
533
533
534
590
532
532
532
533
532
532
533
532
533
532
531
532
532
532
533
531
532
533
532
533
533
532
533
533
532
533
589
532
533
532
533
532
531
533
533
532
532
533
532
533
532
533
533
624
532
532
532
533
533
532
533
533
531
533
533
532
533
588
532
533
532
532
533
532
533
532
532
533
532
532
533
532
532
534
533
532
533
532
532
533
532
533
532
532
532
591
533
533
532
532
532
532
533
632
532
533
532
532
533
549
556
557
578
533
533
532
532
533
533
532
533
591
532
533
588
533
533
532
544
557
575
533
593
532
532
532
533
532
533
533
533
532
533
533
532
532
532
532
533
533
532
533
634
533
592
532
532
533
533
533
533
531
533
534
532
533
532
532
533
532
532
533
532
532
532
532
533
533
532
533
532
533
533
532
532
533
532
532
532
532
533
532
532
533
533
533
533
532
532
532
532
532
636
532
533
533
531
533
533
533
532
533
532
533
531
532
533
532
532
533
532
533
532
533
532
532
533
533
532
533
533
646
644
644
645
644
645
592
532
532
532
533
532
533
532
532
533
532
532
532
620
558
557
556
580
533
532
532
542
556
557
557
556
557
557
556
557
557
572
533
533
532
532
555
556
558
695
650
556
558
557
556
557
556
556
557
677
628
556
557
665
560
560
648
609
556
557
718
589
557
557
557
557
557
556
557
558
556
615
557
557
557
557
562
556
557
556
558
656
598
596
598
598
597
597
599
597
597
597
599
598
597
606
598
601
597
598
597
597
597
598
597
599
721
667
557
556
557
557
557
557
556
581
599
652
597
597
603
597
597
598
660
556
563
620
598
597
598
598
597
597
598
597
597
597
598
596
598
598
598
596
598
638
714
745
660
597
758
597
597
600
598
598
597
597
598
596
652
598
598
597
597
597
593
556
595
598
599
596
654
598
597
601
597
597
597
597
598
597
597
598
597
597
597
599
598
603
597
655
598
688
637
597
598
596
598
598
652
597
597
597
598
597
598
597
597
599
597
598
600
652
597
597
598
602
597
597
603
646
596
598
647
597
597
597
608
597
597
597
598
596
597
598
598
673
666
597
598
597
598
598
597
597
599
598
598
598
598
597
597
598
600
597
598
597
597
597
598
597
598
597
599
598
597
598
597
597
601
598
598
597
599
598
597
598
598
598
597
598
736
598
596
597
598
597
597
597
597
597
598
598
597
597
598
598
597
597
598
598
598
597
598
598
597
598
598
598
598
598
597
597
599
597
596
598
598
597
597
598
597
597
599
582
702
601
598
598
597
597
602
598
597
597
598
597
597
598
602
556
575
597
597
597
598
598
597
598
598
597
597
598
597
597
597
598
597
597
598
602
598
598
600
597
597
598
597
598
597
700
597
597
597
598
597
597
598
597
596
598
597
597
596
598
600
597
598
597
598
599
600
598
596
597
602
597
597
601
597
599
597
598
599
596
598
597
598
603
598
597
597
597
598
724
624
597
598
597
597
598
599
596
598
599
597
602
598
601
600
600
601
597
597
597
598
597
601
603
599
597
597
598
598
597
598
598
597
598
603
597
600
598
598
597
597
600
597
761
623
597
598
597
598
598
597
597
817
721
721
725
721
720
720
721
720
722
634
599
607
600
598
598
597
597
597
597
598
598
597
598
598
597
597
598
597
597
597
597
597
696
652
598
598
597
598
598
598
597
598
597
597
681
598
597
597
598
598
597
598
598
597
596
598
597
598
597
598
722
773
618
597
603
730
752
780
805
765
682
789
777
767
865
795
776
750
755
800
744
745
750
597
598
598
779
750
715
597
714
775
808
718
696
598
598
601
596
597
598
597
597
598
597
598
598
599
598
597
597
601
597
598
756
672
598
597
605
598
597
597
598
598
597
597
598
596
598
598
598
597
598
598
597
599
598
597
597
597
598
602
597
598
598
597
598
598
597
602
598
598
597
597
598
597
597
599
734
618
617
620
618
621
619
618
618
618
618
619
618
618
618
618
618
617
620
619
618
620
618
618
618
617
618
618
618
617
619
618
689
597
597
598
598
597
598
597
597
597
598
693
597
598
597
598
597
597
598
597
597
598
597
597
597
598
598
598
598
598
597
598
598
597
598
598
597
597
597
597
596
598
598
597
597
597
598
596
598
605
598
597
597
597
598
692
661
598
598
598
598
598
597
604
601
598
597
598
597
653
597
598
597
598
603
603
597
597
598
656
597
597
598
597
597
598
598
597
597
598
601
597
597
598
607
597
597
597
597
598
773
599
597
597
598
598
597
597
598
597
597
600
603
596
600
600
597
598
597
598
597
597
598
598
597
598
601
597
598
598
597
597
598
598
597
598
598
599
597
598
598
597
597
598
760
597
597
598
597
597
597
598
597
597
597
597
597
598
598
600
597
598
598
652
597
598
597
597
598
598
598
597
597
598
596
598
654
598
597
597
597
597
597
598
597
597
598
598
756
597
597
598
597
597
597
597
597
598
597
597
597
598
597
597
598
599
597
597
598
598
597
597
598
598
596
598
598
598
597
598
598
599
600
612
746
746
749
719
720
721
705
808
598
599
597
598
597
597
598
598
599
598
597
597
597
598
597
597
597
598
597
597
598
598
597
597
597
597
597
597
597
597
597
598
597
597
598
598
597
598
598
598
598
597
598
734
654
598
598
598
597
597
598
597
597
597
597
597
597
598
597
598
598
598
596
597
599
597
597
597
597
597
597
598
597
597
598
597
597
598
597
598
598
599
598
597
597
599
597
669
627
599
598
597
597
598
602
597
599
601
600
598
597
597
597
599
597
601
597
597
597
598
598
597
598
597
598
597
597
598
597
597
598
597
601
597
598
598
597
597
598
601
596
599
708
640
597
598
598
597
597
598
597
597
597
597
597
598
598
598
597
597
598
597
597
597
598
597
597
597
597
597
597
597
597
598
598
599
597
597
597
597
598
598
597
603
604
598
857
602
598
598
601
598
598
598
598
598
598
599
601
599
598
598
598
598
598
597
598
599
598
597
598
598
605
598
598
602
598
599
598
598
598
599
598
598
598
599
599
598
603
598
715
664
597
601
596
597
599
597
597
605
598
597
598
602
598
597
598
598
598
597
598
597
597
597
597
597
597
598
597
597
597
597
597
597
598
598
596
597
598
597
597
598
597
597
597
762
598
597
597
599
599
601
597
599
597
598
602
597
596
599
598
601
597
598
598
596
597
597
597
597
598
598
597
598
598
597
597
598
597
597
597
598
597
597
597
598
597
597
598
762
597
601
598
597
597
597
598
597
597
598
598
599
597
597
598
598
597
598
596
597
597
598
596
603
598
597
598
597
598
596
598
598
597
597
598
597
597
597
598
598
596
598
598
672
598
598
597
598
598
598
597
597
597
598
596
598
597
598
596
598
597
596
598
598
598
597
598
598
597
597
597
597
597
597
598
596
598
598
598
597
598
597
597
597
597
598
598
700
916
753
721
667
598
598
598
598
598
597
597
598
597
597
598
597
598
598
598
597
598
598
597
597
598
598
597
598
597
598
597
598
598
597
598
598
597
597
599
640
598
597
598
688
598
597
598
597
598
598
598
597
598
598
597
598
598
598
597
597
598
597
598
598
597
598
598
598
597
597
598
598
597
598
598
667
672
648
598
598
597
597
597
598
597
598
599
764
598
598
598
597
597
598
597
597
598
598
598
597
597
597
597
597
598
597
598
598
598
597
597
598
597
598
597
599
598
597
598
597
597
598
598
597
597
598
598
596
598
599
597
645
599
599
598
599
598
598
597
598
598
598
598
599
598
598
598
599
598
597
598
597
597
598
599
597
597
598
597
597
597
597
597
597
598
597
596
598
598
598
599
598
597
597
598
599
749
597
597
598
597
597
597
598
598
597
598
597
597
597
597
597
599
598
597
597
597
598
597
597
598
598
597
598
598
597
597
598
597
597
597
598
597
597
599
598
597
597
598
597
709
631
597
598
597
598
597
598
597
599
597
597
598
598
597
597
598
599
597
598
598
598
597
598
598
597
597
598
598
597
598
597
597
597
598
598
597
598
598
597
598
598
597
685
853
729
721
720
720
695
597
597
598
597
597
597
597
597
597
598
598
597
598
598
597
597
598
597
598
598
598
597
598
598
597
597
597
599
598
597
599
598
597
598
598
598
597
598
671
598
597
598
597
597
598
598
597
597
598
597
597
597
598
597
601
597
599
597
598
598
598
597
597
598
597
597
598
597
597
598
598
597
597
598
597
597
598
598
597
597
598
597
676
659
598
597
597
597
598
597
598
598
597
598
597
598
597
597
598
597
597
598
598
597
597
597
598
597
597
598
597
597
598
598
596
598
598
597
597
598
597
597
597
598
597
597
597
716
598
597
598
599
597
598
598
597
597
598
598
597
598
598
598
597
598
598
597
597
598
597
602
598
597
597
597
598
598
597
597
598
598
597
598
598
597
598
598
597
597
597
598
723
603
598
597
597
598
597
598
597
597
598
597
597
598
597
597
597
598
597
597
597
597
598
597
610
557
556
557
556
556
557
556
556
556
556
557
557
556
556
557
557
556
557
556
556
557
635
556
556
557
556
557
557
556
556
557
556
557
556
556
557
557
556
556
557
557
557
557
556
557
557
556
557
556
556
557
558
556
557
557
558
557
557
556
556
557
556
557
557
556
557
557
556
557
701
556
556
558
556
557
557
557
556
558
556
557
557
557
556
557
557
556
558
556
557
557
557
556
557
556
556
557
557
556
557
557
560
559
557
556
558
556
556
557
556
556
557
557
556
558
557
646
614
558
557
557
557
556
556
557
556
557
557
557
556
557
556
556
557
557
557
558
556
557
557
556
556
558
557
557
557
558
557
557
556
556
557
556
557
557
556
556
558
557
556
557
556
556
557
696
556
557
557
556
558
557
557
557
557
556
556
558
556
556
557
556
557
557
556
557
557
556
557
557
556
556
557
556
557
557
557
557
557
556
557
558
557
557
557
556
556
557
556
556
557
556
556
691
556
557
557
557
556
557
557
556
557
557
556
557
559
556
557
556
557
557
611
556
557
557
557
557
557
556
557
556
557
557
556
556
557
557
556
556
557
556
557
557
556
557
557
556
556
557
725
610
601
686
680
680
680
681
680
680
730
556
613
557
556
557
557
556
557
557
556
557
615
560
556
557
556
556
557
556
557
558
556
556
557
556
557
557
556
557
559
557
556
556
560
636
571
589
532
533
532
532
532
535
532
533
532
532
533
587
533
538
531
533
533
532
533
532
532
533
532
532
533
531
534
533
532
533
532
532
533
533
532
533
532
533
602
583
532
553
556
556
558
557
556
680
612
556
556
557
556
557
556
556
557
557
606
575
557
557
556
557
556
556
575
532
533
533
532
588
533
532
533
532
532
533
590
532
532
532
532
589
532
532
534
532
532
533
532
532
532
532
533
568
533
610
556
557
557
558
556
578
537
533
534
532
532
533
532
533
533
533
540
533
532
533
532
532
533
534
532
533
532
533
533
532
533
532
533
532
533
533
533
532
532
532
532
533
557
556
556
556
656
587
557
556
556
557
613
560
556
557
556
557
557
556
557
556
557
558
557
556
558
557
556
557
557
560
613
557
559
556
557
556
556
557
556
558
557
556
564
557
556
557
556
557
557
556
556
556
681
556
556
557
557
695
684
694
657
680
680
681
734
653
532
532
534
532
532
534
532
533
533
532
532
532
532
533
532
532
550
556
557
557
556
556
557
557
567
537
556
613
557
557
556
557
694
578
533
532
532
532
533
554
533
532
532
592
532
532
532
532
533
534
532
533
532
533
533
532
532
533
532
533
533
532
532
532
532
533
533
531
533
532
532
534
532
532
532
532
533
532
532
534
532
593
661
557
557
557
556
556
557
556
557
557
580
533
532
532
532
533
532
533
533
532
532
533
532
532
533
531
533
532
538
533
532
539
561
556
556
557
556
556
557
557
557
557
556
556
557
557
556
557
681
556
556
557
556
556
557
556
556
564
556
556
557
556
557
557
556
616
557
557
556
557
557
556
557
556
556
557
557
556
557
556
557
556
557
556
557
556
556
558
556
557
557
556
556
557
556
609
687
558
556
557
556
557
556
558
557
557
557
557
556
556
556
556
558
556
556
557
556
616
557
557
561
556
557
556
557
556
556
557
556
557
557
556
557
557
557
556
557
556
557
558
558
556
556
714
557
557
556
556
557
557
556
616
556
556
557
612
556
557
556
556
557
556
556
557
613
556
556
557
556
557
557
556
557
557
556
556
557
556
557
557
556
557
557
556
556
557
557
556
557
592
557
557
574
533
533
533
533
533
532
532
533
535
533
532
532
557
557
556
557
557
556
557
556
556
556
556
556
557
557
557
556
557
563
560
567
575
573
556
556
557
581
579
533
532
534
557
556
652
598
556
563
532
533
532
533
533
532
533
533
532
532
533
532
533
532
541
557
556
557
557
557
557
557
556
613
557
556
559
557
556
557
557
556
556
559
557
557
557
556
557
557
557
557
557
556
635
633
557
556
556
557
556
557
614
556
556
557
556
557
557
556
557
557
557
556
558
557
557
557
556
556
556
557
556
557
556
557
556
556
556
557
616
559
557
556
557
558
557
556
557
557
556
557
690
556
557
557
557
557
557
556
557
557
556
557
557
556
557
556
557
612
557
613
556
556
557
556
615
557
556
558
556
556
557
557
556
557
557
557
557
557
556
557
557
556
557
556
611
556
557
697
556
557
558
556
557
557
556
557
562
694
720
720
720
721
721
720
743
597
620
557
557
557
615
557
557
556
557
557
557
556
557
557
557
628
598
598
597
597
598
597
597
598
598
687
706
599
609
563
597
598
597
598
598
598
597
597
598
598
605
557
557
556
558
557
556
613
558
556
557
557
557
556
557
557
557
556
557
557
556
557
557
620
597
597
598
598
597
598
598
721
649
598
598
597
598
597
598
597
597
597
598
655
597
597
598
653
557
557
556
557
557
556
557
558
556
557
557
556
556
557
556
558
557
556
557
651
597
596
598
598
597
597
598
597
696
684
597
602
597
597
597
597
597
597
597
598
556
557
597
597
652
599
597
597
598
598
597
597
598
597
598
597
597
601
598
598
597
597
598
598
597
597
597
597
598
598
597
597
597
758
598
655
596
597
597
597
598
597
624
556
557
557
556
557
556
557
558
560
557
557
557
558
564
559
587
604
601
597
596
599
599
605
557
557
556
557
557
557
556
557
578
598
598
597
709
651
557
556
557
556
558
556
557
557
556
599
603
738
757
740
680
680
680
681
651
567
599
597
598
603
557
573
598
598
597
616
557
557
578
597
597
597
590
582
597
598
598
597
679
594
557
556
581
598
597
597
598
598
597
601
598
597
597
597
598
598
596
598
598
597
597
597
598
598
597
598
598
597
598
603
571
598
597
610
557
557
557
557
557
556
559
557
594
682
649
598
597
597
564
598
597
597
589
556
557
557
557
557
590
598
597
597
598
599
598
598
598
597
598
597
597
597
598
597
597
597
598
597
597
598
597
597
598
597
597
598
598
598
687
618
598
598
597
598
598
615
556
557
557
556
557
556
556
557
556
557
557
557
556
557
556
556
557
560
557
557
556
556
557
556
573
598
597
597
597
598
610
556
557
556
556
557
557
557
558
667
575
557
557
557
560
556
556
556
557
556
557
557
557
557
557
556
557
558
556
557
557
556
557
557
581
598
599
597
597
597
598
612
560
598
598
619
557
558
556
557
557
556
560
591
597
677
627
557
556
557
557
556
557
564
556
557
557
556
558
557
556
557
558
556
557
561
556
557
557
556
557
557
556
557
557
556
557
557
556
556
557
556
557
559
556
556
558
556
557
557
556
556
557
682
581
557
557
556
557
557
557
557
557
556
557
557
556
557
557
556
573
598
597
597
598
599
597
598
600
597
598
627
557
556
557
557
555
557
557
556
557
557
556
557
557
556
557
557
556
565
657
598
597
598
597
606
556
557
556
557
556
556
557
557
556
557
557
556
557
557
556
556
556
557
557
557
556
557
557
556
556
558
557
556
557
557
557
557
556
556
557
557
556
557
556
556
557
640
609
597
597
597
598
598
624
556
557
557
556
557
556
557
557
556
556
558
556
556
557
556
557
557
557
556
557
557
556
557
557
556
557
556
557
566
598
597
598
598
598
602
563
597
597
600
691
557
556
557
557
556
557
556
576
598
598
597
597
598
598
597
597
598
598
597
598
598
597
598
598
598
597
597
556
556
557
560
557
557
557
556
557
557
556
557
557
556
557
557
556
556
684
556
556
557
557
557
558
556
557
557
556
557
557
557
556
561
578
631
681
681
681
680
681
680
680
685
556
557
557
557
556
557
556
557
557
557
556
557
556
557
557
556
556
557
556
557
685
557
564
626
684
597
597
598
611
556
557
589
597
597
598
598
597
597
598
597
597
591
557
557
557
557
557
557
557
556
557
557
556
557
557
556
556
557
556
557
556
557
557
557
556
557
712
595
597
598
598
597
597
598
598
597
597
598
597
597
599
597
597
597
597
598
597
612
556
556
557
556
557
557
556
556
557
557
557
557
557
556
557
557
557
558
557
556
557
556
556
557
703
563
556
557
556
556
557
556
557
558
557
556
557
557
557
558
587
597
598
598
597
597
598
598
597
611
557
556
557
557
556
557
557
556
557
557
556
556
557
556
557
557
556
557
557
557
557
674
557
557
556
556
556
556
556
557
557
557
557
557
557
557
556
557
557
556
556
556
557
557
556
558
567
562
564
560
558
558
558
560
559
558
558
560
564
560
558
560
558
561
562
558
559
560
645
559
557
556
557
557
556
557
557
556
558
557
556
557
557
556
557
556
557
558
606
680
724
680
682
682
681
680
629
557
557
556
556
556
556
556
557
556
557
557
556
556
557
556
557
557
688
598
558
557
556
557
557
556
556
557
556
557
557
556
557
558
556
557
583
621
556
556
556
600
607
556
556
557
557
557
557
557
556
557
557
556
557
557
557
557
557
557
557
557
556
557
585
688
675
598
619
556
557
557
556
557
557
556
557
557
557
557
556
556
557
557
556
558
557
556
557
557
556
557
557
556
557
556
556
557
557
556
557
556
557
557
557
556
557
557
556
556
557
556
557
672
556
556
557
556
557
556
557
557
558
557
556
557
558
556
557
557
556
557
556
556
557
556
556
557
557
557
557
557
556
557
556
556
557
557
557
557
557
556
556
556
556
557
557
557
557
557
656
584
557
558
557
558
556
557
557
557
556
557
556
556
557
556
556
557
556
556
557
556
557
557
557
556
557
557
556
557
556
556
558
557
556
557
556
557
557
557
572
598
597
597
598
598
610
625
652
556
556
556
557
556
556
557
556
556
564
556
557
557
556
556
556
556
557
557
556
557
556
557
556
557
556
557
557
556
556
557
556
556
557
557
557
559
556
559
598
598
599
598
598
596
598
682
598
597
597
604
598
597
600
601
598
597
597
598
597
598
597
597
597
598
598
597
599
598
598
598
598
598
597
597
598
598
598
596
557
556
556
557
557
557
557
556
557
557
556
557
679
556
556
557
556
556
557
557
557
559
557
557
557
556
556
556
556
556
557
557
556
557
557
556
578
578
573
585
557
556
558
557
556
557
557
556
557
557
556
557
557
556
557
559
557
557
581
672
597
599
597
596
568
569
559
558
557
556
557
562
562
556
557
556
556
557
557
556
557
556
556
557
556
557
556
557
556
557
556
556
557
556
575
597
601
597
598
598
597
598
597
597
597
598
733
592
556
557
557
556
557
556
557
557
557
560
557
556
556
558
557
559
558
557
556
563
557
556
558
560
559
557
559
558
557
557
556
556
557
556
556
557
557
556
557
556
557
557
556
557
557
720
556
557
557
557
557
557
556
557
557
556
557
556
556
557
557
556
557
556
556
557
557
556
557
557
647
681
681
680
681
680
681
680
680
658
556
557
556
556
556
557
556
557
557
556
557
706
557
556
557
557
556
557
557
557
557
557
557
560
557
556
560
557
556
557
556
556
557
557
557
557
556
557
557
557
598
598
597
597
617
556
556
556
557
557
556
556
556
557
557
557
557
556
665
556
557
558
556
557
558
556
556
557
557
556
557
556
557
557
556
557
557
556
557
556
557
557
557
556
556
556
557
557
557
556
556
557
557
556
557
557
557
557
557
557
557
557
556
557
556
556
666
557
556
558
557
556
557
556
556
558
557
556
557
557
557
556
558
557
557
556
557
557
557
556
557
557
557
557
557
556
557
556
556
557
557
556
557
557
556
557
557
557
557
561
556
557
557
657
588
557
556
557
557
556
556
557
556
556
557
556
557
556
556
557
557
556
556
557
556
556
557
556
556
557
556
556
557
556
556
557
558
560
558
561
556
557
556
556
557
557
556
557
556
557
557
694
557
557
557
557
557
557
556
556
557
556
557
557
556
557
556
556
557
558
558
572
565
566
580
574
576
572
652
682
726
680
680
680
681
681
682
680
616
557
557
557
557
556
556
558
722
558
557
557
556
557
557
556
557
557
557
557
557
556
557
557
557
557
557
556
557
557
556
557
557
556
556
558
557
556
557
556
557
557
557
557
557
573
597
598
597
597
598
598
597
597
597
736
597
597
597
597
597
598
598
597
597
598
597
597
597
598
597
597
597
598
597
597
597
598
593
557
557
556
557
556
556
558
556
556
557
557
556
557
557
556
558
557
556
556
556
556
557
677
557
557
557
615
557
557
556
557
557
557
556
557
556
556
557
556
557
557
556
731
634
598
597
597
598
598
597
594
557
557
556
557
556
557
558
556
556
557
557
556
557
556
557
557
557
620
617
557
556
612
556
557
556
557
556
557
557
557
556
557
556
615
557
571
576
577
557
556
557
557
614
556
557
556
557
557
556
557
557
556
556
557
556
557
557
556
557
557
556
557
614
556
557
683
557
557
557
556
556
557
557
556
557
556
556
558
556
557
556
556
556
557
557
556
557
557
615
558
557
556
557
557
651
598
598
597
596
597
598
647
556
557
556
556
556
557
556
557
557
682
604
616
557
556
557
556
557
557
557
556
557
557
557
557
557
556
557
556
557
557
556
556
557
556
556
557
556
556
557
557
557
556
557
556
558
557
556
556
557
556
557
556
556
557
557
598
603
677
556
556
558
556
557
557
556
556
557
556
557
557
557
613
557
556
557
557
557
557
557
556
556
557
557
556
557
557
556
557
557
556
557
557
557
557
613
558
557
557
556
557
557
556
557
556
670
575
557
557
556
558
557
557
557
556
556
557
556
557
557
556
557
557
614
556
557
556
556
557
557
556
557
556
557
557
557
556
565
532
531
533
532
532
546
611
556
557
556
557
557
557
556
557
630
556
556
614
557
557
556
556
556
557
556
557
556
556
557
558
556
557
557
556
556
557
556
557
556
615
557
560
567
581
558
556
557
557
557
556
557
557
556
557
556
557
557
557
557
584
532
607
581
532
533
533
532
532
533
592
532
533
532
532
533
531
533
532
533
532
532
533
533
532
532
532
532
532
533
533
533
533
532
533
532
551
669
703
645
644
644
645
645
644
644
645
646
542
532
652
532
532
533
532
553
557
556
556
557
557
557
557
557
556
557
556
556
557
556
556
557
556
556
558
556
556
557
557
557
556
557
557
557
557
556
558
556
556
558
557
556
557
557
557
557
557
601
614
598
597
597
598
598
604
556
557
556
557
556
557
557
557
556
557
557
556
557
557
556
557
557
556
557
557
556
557
557
557
557
557
556
556
557
557
557
557
556
557
557
556
557
557
556
558
709
557
556
557
611
556
614
557
556
557
558
557
616
557
556
556
557
559
557
557
556
557
558
556
557
557
557
556
557
556
556
557
558
557
557
557
556
557
557
556
557
556
557
557
557
556
556
681
633
598
598
597
597
597
598
602
557
557
556
570
558
557
564
557
615
557
557
556
556
557
556
557
557
557
556
557
557
556
557
556
556
557
557
557
558
557
556
557
556
556
556
557
557
561
697
613
559
570
579
559
564
558
556
559
572
561
558
556
614
556
557
691
680
681
681
680
680
680
681
681
707
557
556
557
556
556
573
574
556
588
557
557
557
557
556
557
557
556
557
676
556
556
557
556
557
557
557
556
558
559
557
557
649
597
654
598
597
597
613
655
597
598
597
653
599
598
597
665
612
613
613
612
611
612
613
612
612
613
613
612
614
613
613
684
612
612
613
612
612
613
613
612
613
613
612
611
612
613
611
612
613
613
612
613
613
612
612
613
613
612
612
613
679
628
628
628
628
628
627
629
629
628
628
628
629
628
775
669
628
629
627
627
628
628
629
628
629
628
628
628
629
628
628
628
628
628
629
680
715
627
725
629
628
628
627
628
628
629
693
584
583
583
584
583
583
583
584
583
583
715
583
583
638
583
583
583
583
584
583
583
584
584
583
584
583
639
584
583
584
583
583
582
584
583
583
583
583
583
583
584
584
583
582
583
583
583
583
583
583
583
583
583
583
584
707
583
584
584
582
583
583
584
585
583
584
583
583
583
583
583
583
584
583
583
583
583
583
587
583
583
584
583
583
583
584
583
583
584
583
583
583
584
583
584
583
583
583
583
582
632
585
586
585
585
585
585
584
585
584
584
590
584
584
585
585
586
583
584
583
583
584
583
582
583
584
583
583
584
583
583
583
583
583
584
583
583
583
583
583
582
584
612
569
570
569
707
592
570
570
569
571
570
570
569
570
569
570
570
569
569
570
570
569
578
629
623
569
570
571
623
587
638
586
586
581
590
585
587
583
588
569
570
569
569
570
570
569
571
569
569
570
691
626
570
570
569
570
569
570
569
570
570
569
569
569
569
569
570
570
569
570
570
569
570
569
570
570
570
569
570
570
569
569
570
569
570
570
569
569
570
569
570
570
569
569
570
570
662
615
569
569
569
570
569
569
571
570
569
570
569
569
570
569
569
569
569
569
570
570
570
570
570
569
570
570
569
570
569
570
570
569
570
570
572
570
569
569
570
570
570
571
570
570
570
640
569
570
569
569
570
570
569
570
570
569
570
571
569
569
570
569
569
570
569
569
570
569
569
570
569
569
570
570
571
569
570
570
569
571
570
569
570
570
631
700
700
701
651
569
569
730
571
568
570
570
569
577
684
588
569
570
572
569
571
570
569
569
570
570
570
570
585
626
570
570
569
569
570
569
570
569
569
586
598
598
597
598
597
597
597
598
598
597
598
598
713
663
597
598
